Date_Time,Pressure,Temperature,Barom,WaterDepth
2021-07-29 12:15:00,757.583,17.513,756.5526666666666,0.13432904295942283
2021-07-29 12:30:00,757.408,17.453,756.4163333333333,0.1339412865466591
2021-07-29 12:45:00,757.233,17.273,756.4163333333333,0.13218663326737198
2021-07-29 13:00:00,757.233,17.36,756.2413333333333,0.133941092940296
2021-07-29 13:15:00,757.233,17.547,756.261,0.133744323427465
2021-07-29 13:30:00,757.117,17.687,756.0086666666667,0.13511139411880602
2021-07-29 13:45:00,757.117,17.747,755.9503333333333,0.13569635128538815
2021-07-29 14:00:00,757.117,18.037,756.0086666666667,0.13511220846562114
2021-07-29 14:15:00,756.767,18.627,755.7946666666667,0.13374986960109841
2021-07-29 14:30:00,756.767,19.097,755.6,0.13570300041524627
2021-07-29 14:45:00,756.592,18.82,755.639,0.1335563947544254
2021-07-29 15:00:00,756.592,18.367,755.6586666666667,0.13335829581333367
2021-07-29 15:15:00,756.592,18.09,755.503,0.13491849261008093
2021-07-29 15:30:00,756.475,17.923,755.3666666666667,0.1351119432212314
2021-07-29 15:45:00,756.475,17.72,755.3083333333333,0.1356962851579791
2021-07-29 16:00:00,756.3,17.943,755.3666666666667,0.1333574650571241
2021-07-29 16:15:00,756.3,17.823,755.1526666666666,0.13550270908738468
2021-07-29 16:30:00,756.125,17.633,755.0553333333334,0.13472362723062226
2021-07-29 16:45:00,755.95,17.287,755.1526666666666,0.13199285068892316
2021-07-29 17:00:00,756.125,16.97,754.8996666666667,0.13628251197067454
2021-07-29 17:15:00,755.95,16.593,754.8413333333333,0.13511218971046463
2021-07-29 17:30:00,755.95,16.327,754.8413333333333,0.13511157062074874
2021-07-29 17:45:00,755.775,16.05,754.5693333333332,0.13608304843273583
2021-07-29 18:00:00,755.658,15.79,754.5889999999999,0.1347128078230194
2021-07-29 18:15:00,755.658,15.393,754.783,0.13276793946614124
2021-07-29 18:30:00,755.775,15.413,754.8413333333333,0.13335584813190737
2021-07-29 18:45:00,755.658,15.2,754.8413333333333,0.1321830792864294
2021-07-29 19:00:00,755.775,14.743,754.6663333333333,0.1351078840113112
2021-07-29 19:15:00,755.95,14.26,754.8803333333334,0.13471605304810183
2021-07-29 19:30:00,756.125,13.933,755.075,0.1345183091587212
2021-07-29 19:45:00,756.3,13.637,755.1916666666667,0.13510197096280407
2021-07-29 20:00:00,756.417,13.383,755.4639999999999,0.1335455174020841
2021-07-29 20:15:00,756.767,13.107,755.6003333333333,0.13568498716742838
2021-07-29 20:30:00,756.767,12.86,755.717,0.13451594400167202
2021-07-29 20:45:00,756.942,12.563,755.814,0.13529642511987347
2021-07-29 21:00:00,757.058,12.377,756.0663333333333,0.13393071938645312
2021-07-29 21:15:00,757.408,12.187,756.2413333333333,0.13568273393714295
2021-07-29 21:30:00,757.583,12.107,756.4553333333333,0.13529200744793834
2021-07-29 21:45:00,758.05,11.98,756.7083333333334,0.13743456100437657
2021-07-29 22:00:00,758.4,11.92,756.864,0.13938029276814434
2021-07-29 22:15:00,758.4,11.74,757.0586666666667,0.1374305474241017
2021-07-29 22:30:00,758.225,11.53,757.292,0.13334156240521475
2021-07-29 22:45:00,758.517,11.31,757.2336666666666,0.13684864462296992
2021-07-29 23:00:00,758.517,11.203,757.1556666666667,0.13762926944408027
2021-07-29 23:15:00,758.692,11.25,757.233,0.13860722337546189
2021-07-29 23:30:00,758.692,11.1,757.233,0.13860676394740476
2021-07-29 23:45:00,758.517,10.953,757.233,0.1368543569574741
2021-07-30 00:00:00,758.867,10.807,757.233,0.14035776964502228
2021-07-30 00:15:00,758.692,10.74,757.2913333333333,0.1380217018201792
2021-07-30 00:30:00,758.867,10.633,757.408,0.1386053335947188
2021-07-30 00:45:00,758.692,10.6,757.408,0.13685340545331265
2021-07-30 01:00:00,758.692,10.49,757.311,0.13782409926851838
2021-07-30 01:15:00,758.517,10.39,757.1556666666667,0.13762694603336884
2021-07-30 01:30:00,758.517,10.33,757.1943333333332,0.13723972611893615
2021-07-30 01:45:00,758.517,10.41,757.117,0.13801405812863607
2021-07-30 02:00:00,758.517,10.457,757.117,0.13801419626144923
2021-07-30 02:15:00,758.692,10.483,757.117,0.13976605675976408
2021-07-30 02:30:00,758.4,10.56,757.0586666666667,0.13742722473514865
2021-07-30 02:45:00,758.517,10.55,756.942,0.13976627828658794
2021-07-30 03:00:00,758.4,10.553,756.942,0.13859507822470427
2021-07-30 03:15:00,758.4,10.56,756.8836666666667,0.13917903710740362
2021-07-30 03:30:00,758.342,10.543,756.767,0.13976625514199426
2021-07-30 03:45:00,758.225,10.51,756.8253333333333,0.13801101527775378
2021-07-30 04:00:00,758.225,10.66,756.8446666666666,0.1378179184062641
2021-07-30 04:15:00,757.875,10.687,756.5916666666667,0.13684696621132214
2021-07-30 04:30:00,757.875,10.587,756.475,0.13801457833093092
2021-07-30 04:45:00,757.875,10.263,756.475,0.13801362609621898
2021-07-30 05:00:00,757.875,10.043,756.475,0.1380129795170936
2021-07-30 05:15:00,757.875,9.857,756.475,0.13801243286383305
2021-07-30 05:30:00,757.875,9.723,756.4166666666666,0.13859587399829776
2021-07-30 05:45:00,757.875,9.653,756.3,0.13976331247222476
2021-07-30 06:00:00,758.05,9.587,756.3583333333333,0.14093073086301228
2021-07-30 06:15:00,758.05,9.52,756.5723333333334,0.13878874387083143
2021-07-30 06:30:00,758.225,9.467,756.7280000000001,0.13898206865936355
2021-07-30 06:45:00,758.225,9.453,756.689,0.13937233793035617
2021-07-30 07:00:00,758.225,9.54,756.767,0.13859197768046547
2021-07-30 07:15:00,758.4,9.673,756.767,0.14034387127187556
2021-07-30 07:30:00,758.4,9.863,756.8253333333333,0.13976067051229762
2021-07-30 07:45:00,758.517,10.243,757.0003333333333,0.1391813645926583
2021-07-30 08:00:00,758.517,10.303,757.1556666666667,0.1376266974027023
2021-07-30 08:15:00,758.517,10.37,757.2913333333333,0.13626887130272763
2021-07-30 08:30:00,758.867,10.693,757.4663333333333,0.13802156362158702
2021-07-30 08:45:00,758.867,10.967,757.583,0.1368543946941816
2021-07-30 09:00:00,759.042,11.093,757.583,0.13860674250742877
2021-07-30 09:15:00,758.867,11.23,757.5246666666667,0.13743912310960477
2021-07-30 09:30:00,758.867,11.59,757.408,0.13860826474572316
2021-07-30 09:45:00,758.867,11.847,757.4663333333333,0.13802495683804755
2021-07-30 10:00:00,758.867,12.167,757.583,0.1368576292692348
2021-07-30 10:15:00,758.867,12.677,757.583,0.13685900396363243
2021-07-30 10:30:00,759.042,13.357,757.583,0.1386136768082374
2021-07-30 10:45:00,758.867,14.233,757.5443333333333,0.13725056338966954
2021-07-30 11:00:00,758.867,15.307,757.5056666666667,0.13764099795276238
2021-07-30 11:15:00,758.867,16.46,757.5443333333333,0.1372567469925203
2021-07-30 11:30:00,758.692,17.24,757.467,0.13627986503754777
2021-07-30 11:45:00,758.575,17.68,757.4086666666667,0.13569284542367413
2021-07-30 12:00:00,758.575,17.783,757.1946666666666,0.13783855879550683
2021-07-30 12:15:00,758.575,17.627,757.0973333333334,0.1388138921117683
2021-07-30 12:30:00,758.575,17.03,757.2336666666666,0.13744544320763008
2021-07-30 12:45:00,758.4,16.723,757.0196666666667,0.13783548722276973
2021-07-30 13:00:00,758.05,17.017,756.825,0.136279291565947
2021-07-30 13:15:00,758.05,17.313,756.7276666666667,0.13725577396527755
2021-07-30 13:30:00,757.933,17.017,756.533,0.1380334760753697
2021-07-30 13:45:00,757.758,17.03,756.4163333333333,0.13744878452055478
2021-07-30 14:00:00,757.758,17.21,756.183,0.13978829871430273
2021-07-30 14:15:00,757.408,17.44,756.2413333333333,0.13569559939224005
2021-07-30 14:30:00,757.408,18.043,756.4163333333333,0.133942514802081
2021-07-30 14:45:00,757.758,18.217,756.4746666666666,0.1368672526313825
2021-07-30 15:00:00,757.583,17.62,756.358,0.13628084225372591
2021-07-30 15:15:00,757.583,17.533,756.2996666666667,0.13686540988087514
2021-07-30 15:30:00,757.233,17.507,756.1246666666667,0.13511097531187402
2021-07-30 15:45:00,757.233,17.593,756.008,0.13628077281994333
2021-07-30 16:00:00,757.408,17.613,756.0663333333333,0.13745042656212528
2021-07-30 16:15:00,757.233,17.95,756.086,0.13549967301998808
2021-07-30 16:30:00,757.117,17.93,755.989,0.13530913412801215
2021-07-30 16:45:00,757.117,17.353,756.1246666666667,0.13394776144566603
2021-07-30 17:00:00,757.233,16.627,756.008,0.13627828863355365
2021-07-30 17:15:00,757.117,16.12,755.9693333333333,0.1355019479565244
2021-07-30 17:30:00,757.117,15.697,755.9306666666668,0.13588841292894902
2021-07-30 17:45:00,757.117,15.2,755.9693333333333,0.13549973142170363
2021-07-30 18:00:00,756.767,14.863,755.8336666666667,0.133351430318622
2021-07-30 18:15:00,757.058,14.517,755.717,0.1374350274520699
2021-07-30 18:30:00,756.942,14.247,755.7753333333334,0.13568777921365013
2021-07-30 18:45:00,757.233,13.837,755.9306666666668,0.13704578004183676
2021-07-30 19:00:00,757.583,13.53,756.222,0.1376325807361944
2021-07-30 19:15:00,757.758,13.383,756.5526666666666,0.13607295940046682
2021-07-30 19:30:00,757.583,13.127,756.358,0.13626928795823023
2021-07-30 19:45:00,757.583,12.907,756.358,0.13626872220149552
2021-07-30 20:00:00,757.758,12.71,756.358,0.13802081781949233
2021-07-30 20:15:00,757.408,12.583,756.2413333333333,0.13568370380583103
2021-07-30 20:30:00,757.408,12.423,756.1246666666667,0.13685164313366238
2021-07-30 20:45:00,757.583,12.243,756.2996666666667,0.13685115819931984
2021-07-30 21:00:00,757.408,12.027,756.222,0.13587593516818292
2021-07-30 21:15:00,757.583,11.813,756.3583333333333,0.13626257118527932
2021-07-30 21:30:00,757.583,11.623,756.475,0.1350939474492437
2021-07-30 21:45:00,757.875,11.437,756.5723333333334,0.13704255592244552
2021-07-30 22:00:00,758.05,11.257,756.767,0.13684516456354023
2021-07-30 22:15:00,758.05,11.11,756.8253333333333,0.13626076382728025
2021-07-30 22:30:00,758.05,10.98,756.942,0.1350924518277539
2021-07-30 22:45:00,758.4,10.84,757.0003333333333,0.13801198491552225
2021-07-30 23:00:00,758.225,10.713,757.0586666666667,0.13567578697782337
2021-07-30 23:15:00,758.225,10.607,757.0003333333333,0.13625947065363622
2021-07-30 23:30:00,758.225,10.51,757.117,0.13509135860520557
2021-07-30 23:45:00,758.4,10.417,757.117,0.1368429021244021
2021-07-31 00:00:00,758.225,10.35,757.117,0.13509098644433756
2021-07-31 00:15:00,758.4,10.243,757.117,0.1368424334762946
2021-07-31 00:30:00,758.4,10.137,757.117,0.1368421479780222
2021-07-31 00:45:00,758.4,10.003,757.0586666666667,0.13742565631332926
2021-07-31 01:00:00,758.225,9.95,756.942,0.13684164431597415
2021-07-31 01:15:00,758.225,9.923,756.8836666666667,0.1374254310462816
2021-07-31 01:30:00,757.875,9.863,756.767,0.13508985367969406
2021-07-31 01:45:00,758.225,9.85,756.767,0.13859292651433913
2021-07-31 02:00:00,758.225,9.817,756.7280000000001,0.1389831685786257
2021-07-31 02:15:00,757.875,9.75,756.65,0.13626060359235095
2021-07-31 02:30:00,758.05,9.743,756.5916666666667,0.1385959352273816
2021-07-31 02:45:00,758.05,9.703,756.475,0.13976347779075113
2021-07-31 03:00:00,757.875,9.69,756.5333333333333,0.13742811113268455
2021-07-31 03:15:00,757.875,9.653,756.65,0.13626035414506338
2021-07-31 03:30:00,758.05,9.607,756.65,0.13801169811482694
2021-07-31 03:45:00,757.875,9.593,756.5916666666667,0.13684401888814227
2021-07-31 04:00:00,758.342,9.607,756.5333333333333,0.14210177951691766
2021-07-31 04:15:00,758.05,9.593,756.5916666666667,0.13859547600925276
2021-07-31 04:30:00,758.05,9.553,756.475,0.139762981835172
2021-07-31 04:45:00,758.05,9.52,756.475,0.1397628727249446
2021-07-31 05:00:00,758.05,9.493,756.475,0.13976278345294035
2021-07-31 05:15:00,758.05,9.407,756.4166666666666,0.14034629536822596
2021-07-31 05:30:00,757.875,9.297,756.3583333333333,0.13917835261156442
2021-07-31 05:45:00,758.05,9.237,756.5333333333333,0.13917816157682283
2021-07-31 06:00:00,758.05,9.177,756.5916666666667,0.13859420244430884
2021-07-31 06:15:00,758.05,9.097,756.5333333333333,0.13917771582909247
2021-07-31 06:30:00,758.225,9.083,756.65,0.13976142784102408
2021-07-31 06:45:00,758.225,9.047,756.689,0.139371028783967
2021-07-31 07:00:00,758.225,9.15,756.7280000000001,0.13898107244677468
2021-07-31 07:15:00,758.225,9.413,756.7473333333334,0.13878841195251634
2021-07-31 07:30:00,758.517,9.633,757.0003333333333,0.1391794224061188
2021-07-31 07:45:00,758.517,10.07,757.117,0.13801305886998774
2021-07-31 08:00:00,758.517,10.177,757.117,0.13801337334256236
2021-07-31 08:15:00,758.4,10.25,757.1556666666667,0.1364554103787253
2021-07-31 08:30:00,758.692,10.53,757.2913333333333,0.13802108433711446
2021-07-31 08:45:00,758.517,10.767,757.408,0.13510196717956377
2021-07-31 09:00:00,758.692,10.92,757.408,0.13685426800666017
2021-07-31 09:15:00,758.692,11.177,757.408,0.1368549607448174
2021-07-31 09:30:00,758.692,11.657,757.408,0.1368562545748387
2021-07-31 09:45:00,758.867,11.8,757.408,0.13860890794500313
2021-07-31 10:00:00,758.692,12.127,757.4663333333333,0.13627339210070077
2021-07-31 10:15:00,758.867,12.793,757.5246666666667,0.13744352754572767
2021-07-31 10:30:00,759.042,13.663,757.4663333333333,0.13978324893169922
2021-07-31 10:45:00,758.867,14.463,757.6413333333334,0.1362794026778565
2021-07-31 11:00:00,758.867,15.603,757.758,0.13511322589392993
2021-07-31 11:15:00,758.867,16.647,757.6996666666666,0.13570033929553008
2021-07-31 11:30:00,758.867,17.413,757.6413333333334,0.13628699308993428
2021-07-31 11:45:00,758.692,18.03,757.6610000000001,0.13433684523569261
2021-07-31 12:00:00,758.575,18.353,757.3503333333333,0.13627938501359266
2021-07-31 12:15:00,758.225,18.303,757.1753333333334,0.134524599514471
2021-07-31 12:30:00,758.4,18.21,757.3306666666667,0.13472158076447152
2021-07-31 12:45:00,758.575,17.447,757.311,0.136671365115989
2021-07-31 13:00:00,758.225,17.313,757.1753333333334,0.1345224180026862
2021-07-31 13:15:00,758.4,16.93,757.292,0.1351062915600331
2021-07-31 13:30:00,758.225,16.653,757.292,0.13335159647142825
2021-07-31 13:45:00,758.225,16.717,757.078,0.1354967041070819
2021-07-31 14:00:00,757.875,16.6,756.611,0.13666911760694916
2021-07-31 14:15:00,757.758,17.09,756.4746666666666,0.13686421640357288
2021-07-31 14:30:00,757.583,17.83,756.3969999999999,0.1358903831844693
2021-07-31 14:45:00,757.408,17.493,756.475,0.13335324172140423
2021-07-31 15:00:00,757.583,16.923,756.436,0.13549720012983957
2021-07-31 15:15:00,757.583,16.393,756.358,0.13627768687411915
2021-07-31 15:30:00,757.583,15.823,756.358,0.13627622104985193
2021-07-31 15:45:00,757.583,15.327,756.358,0.1362749455255773
2021-07-31 16:00:00,757.583,14.537,756.3969999999999,0.13588218443940106
2021-07-31 16:15:00,757.758,14.113,756.436,0.1372435516480492
2021-07-31 16:30:00,757.583,13.92,756.3969999999999,0.13588064826396618
2021-07-31 16:45:00,757.758,13.947,756.475,0.13685240975554838
2021-07-31 17:00:00,758.05,13.94,756.475,0.13977748688267624
2021-07-31 17:15:00,758.05,13.907,756.475,0.13977737777244884
2021-07-31 17:30:00,757.875,13.723,756.475,0.13802379502246365
2021-07-31 17:45:00,757.758,13.57,756.475,0.1368513943513155
2021-07-31 18:00:00,757.583,13.403,756.436,0.13548872440119025
2021-07-31 18:15:00,757.583,13.343,756.2413333333333,0.13743839994547682
2021-07-31 18:30:00,757.408,13.397,756.008,0.13802283690975967
2021-07-31 18:45:00,757.583,13.483,756.1246666666667,0.13860738506606024
2021-07-31 19:00:00,757.583,13.403,756.358,0.13626999772577014
2021-07-31 19:15:00,757.758,13.133,756.3969999999999,0.13763144645796943
2021-07-31 19:30:00,757.758,12.743,756.475,0.13684916692611493
2021-07-31 19:45:00,757.758,12.423,756.5333333333333,0.1362641394475532
2021-07-31 20:00:00,757.875,12.187,756.65,0.13626687063399862
2021-07-31 20:15:00,758.05,11.993,756.689,0.13762818933661666
2021-07-31 20:30:00,758.225,11.8,756.767,0.13859889498547998
2021-07-31 20:45:00,758.05,11.563,756.7280000000001,0.1372364747555491
2021-07-31 21:00:00,758.05,11.403,756.7473333333334,0.13704246294380748
2021-07-31 21:15:00,758.225,11.383,756.942,0.13684550392941117
2021-07-31 21:30:00,758.4,11.403,757.0003333333333,0.1380136391763186
2021-07-31 21:45:00,758.517,11.397,757.3113333333333,0.13607127152508705
2021-07-31 22:00:00,758.867,11.073,757.7,0.1356833427136126
2021-07-31 22:15:00,759.042,10.88,757.7583333333333,0.1368508231780984
2021-07-31 22:30:00,759.158,10.753,757.7776666666666,0.13781818789330746
2021-07-31 22:45:00,759.042,10.68,757.622,0.13821506382409984
2021-07-31 23:00:00,759.042,10.667,757.6610000000001,0.13782461241092642
2021-07-31 23:15:00,759.042,10.693,757.583,0.13860551736594315
2021-07-31 23:30:00,759.042,10.687,757.583,0.13860549898882085
2021-07-31 23:45:00,759.158,10.64,757.583,0.13976657585993543
2021-08-01 00:00:00,759.042,10.593,757.5246666666667,0.13918915257910958
2021-08-01 00:15:00,759.042,10.517,757.408,0.1403567748788408
2021-08-01 00:30:00,758.867,10.437,757.3496666666666,0.13918865567045455
2021-08-01 00:45:00,758.867,10.37,757.2913333333333,0.13977235644492494
2021-08-01 01:00:00,758.692,10.377,757.3496666666666,0.13743671940902222
2021-08-01 01:15:00,758.867,10.39,757.233,0.14035633923985574
2021-08-01 01:30:00,758.517,10.31,757.1943333333332,0.1372396705859065
2021-08-01 01:45:00,758.692,10.203,757.0586666666667,0.14034902471586735
2021-08-01 02:00:00,758.4,10.083,756.8836666666667,0.13917751871499395
2021-08-01 02:15:00,758.4,10.003,756.8253333333333,0.13976113330620496
2021-08-01 02:30:00,758.517,10.01,756.942,0.13976449284650308
2021-08-01 02:45:00,758.4,10.03,756.942,0.13859347745013675
2021-08-01 03:00:00,758.4,10.05,756.942,0.1385935386652254
2021-08-01 03:15:00,758.4,10.057,756.942,0.13859356009050638
2021-08-01 03:30:00,758.225,10.05,756.8836666666667,0.13742578865771976
2021-08-01 03:45:00,758.225,9.983,756.7280000000001,0.1389836902546186
2021-08-01 04:00:00,758.225,9.923,756.65,0.13976420519226718
2021-08-01 04:15:00,758.05,9.837,756.689,0.13762202937728915
2021-08-01 04:30:00,758.225,9.803,756.767,0.13859278265888086
2021-08-01 04:45:00,758.342,9.823,756.767,0.13976387455521444
2021-08-01 05:00:00,758.225,9.83,756.8836666666667,0.1374251691733387
2021-08-01 05:15:00,758.692,9.817,757.117,0.13976385471699276
2021-08-01 05:30:00,758.4,9.803,757.117,0.1368412483891262
2021-08-01 05:45:00,758.517,9.837,757.117,0.13801237408391406
2021-08-01 06:00:00,758.692,9.837,757.117,0.1397639208444033
2021-08-01 06:15:00,758.517,9.863,757.1556666666667,0.13762543996025084
2021-08-01 06:30:00,758.692,9.87,757.3496666666666,0.13743529071477123
2021-08-01 06:45:00,759.042,9.883,757.5246666666667,0.13918689100767354
2021-08-01 07:00:00,759.042,9.943,757.4663333333333,0.13977094402711532
2021-08-01 07:15:00,759.158,10.01,757.622,0.13937413397601958
2021-08-01 07:30:00,759.333,10.077,757.7583333333333,0.13976137792584317
2021-08-01 07:45:00,759.333,10.237,757.9333333333333,0.13801021312287534
2021-08-01 08:00:00,759.683,10.363,758.0889999999999,0.13995584890952936
2021-08-01 08:15:00,759.508,10.53,758.2253333333333,0.1368398697118555
2021-08-01 08:30:00,759.683,10.673,758.2836666666667,0.13800815735550195
2021-08-01 08:45:00,759.508,10.653,758.167,0.13742414975754397
2021-08-01 09:00:00,759.683,10.627,758.2836666666667,0.13800802222606284
2021-08-01 09:15:00,759.858,10.74,758.517,0.13742439467457762
2021-08-01 09:30:00,759.858,10.98,758.517,0.13742507030777798
2021-08-01 09:45:00,759.975,11.317,758.517,0.13859741664109118
2021-08-01 10:00:00,760.15,11.707,758.517,0.14035084408612783
2021-08-01 10:15:00,760.15,12.277,758.5753333333333,0.13976865040152814
2021-08-01 10:30:00,760.325,12.497,758.7306666666667,0.1399663279626668
2021-08-01 10:45:00,760.15,12.51,758.808,0.13743939191944582
2021-08-01 11:00:00,760.5,12.477,758.808,0.14094433220895908
2021-08-01 11:15:00,760.325,12.807,758.7693333333333,0.13958011601050774
2021-08-01 11:30:00,760.15,14.133,758.7306666666667,0.13821867858241177
2021-08-01 11:45:00,760.15,14.597,758.7693333333333,0.13783266630144403
2021-08-01 12:00:00,760.15,14.443,758.6336666666667,0.13919139752192505
2021-08-01 12:15:00,759.975,14.307,758.4586666666667,0.1391909646050131
2021-08-01 12:30:00,759.858,14.12,758.342,0.1391870300676353
2021-08-01 12:45:00,759.858,14.113,758.303,0.13957770258147817
2021-08-01 13:00:00,759.858,14.28,758.225,0.14035966466187566
2021-08-01 13:15:00,759.683,14.34,758.225,0.13860666930173668
2021-08-01 13:30:00,759.508,14.457,758.1666666666666,0.13743819805620955
2021-08-01 13:45:00,759.508,14.703,758.05,0.1386077803555952
2021-08-01 14:00:00,759.333,14.977,757.9916666666667,0.13743966229201937
2021-08-01 14:15:00,759.217,15.18,757.7776666666666,0.1384221993069292
2021-08-01 14:30:00,759.042,15.18,757.583,0.13861926039055816
2021-08-01 14:45:00,758.692,15.047,757.583,0.1351119314677138
2021-08-01 15:00:00,758.867,14.95,757.5246666666667,0.1374496058366535
2021-08-01 15:15:00,758.692,15.073,757.311,0.13783738588804362
2021-08-01 15:30:00,758.575,14.93,757.1753333333334,0.13802400254723848
2021-08-01 15:45:00,758.692,14.67,757.2336666666666,0.1386110190121878
2021-08-01 16:00:00,758.575,14.193,757.1753333333334,0.13802183702289228
2021-08-01 16:15:00,758.692,13.92,757.2336666666666,0.1386087229215437
2021-08-01 16:30:00,758.575,13.763,757.117,0.13860490324642988
2021-08-01 16:45:00,758.517,13.577,757.1753333333334,0.13743905901533385
2021-08-01 17:00:00,758.867,13.423,757.292,0.13977577748911205
2021-08-01 17:15:00,758.867,13.39,757.2336666666666,0.14035995239291899
2021-08-01 17:30:00,758.867,13.3,757.117,0.141528189783932
2021-08-01 17:45:00,758.517,13.06,757.0586666666667,0.13860609007093697
2021-08-01 18:00:00,758.517,12.9,756.942,0.13977404825732762
2021-08-01 18:15:00,758.4,12.873,756.942,0.13860217917498463
2021-08-01 18:30:00,758.4,12.853,756.942,0.13860211795989602
2021-08-01 18:45:00,758.4,12.65,757.0003333333333,0.13801730323175918
2021-08-01 19:00:00,758.517,12.437,757.0586666666667,0.13860418278497524
2021-08-01 19:15:00,758.517,12.187,757.0586666666667,0.1386034174214272
2021-08-01 19:30:00,758.692,12.06,757.3306666666667,0.13763171859903686
2021-08-01 19:45:00,758.867,11.98,757.5053333333334,0.13763482775226699
2021-08-01 20:00:00,759.158,11.86,757.7583333333333,0.138014981977711
2021-08-01 20:15:00,759.158,11.773,757.875,0.13684655434758464
2021-08-01 20:30:00,759.042,11.713,757.875,0.13568491062600896
2021-08-01 20:45:00,759.333,11.543,757.9723333333334,0.13762356615748378
2021-08-01 21:00:00,759.508,11.403,758.2253333333333,0.13684222042164143
2021-08-01 21:15:00,759.508,11.303,758.2836666666667,0.13625792270978782
2021-08-01 21:30:00,759.508,11.197,758.2253333333333,0.136841665729527
2021-08-01 21:45:00,759.975,11.123,758.4003333333334,0.139764835657465
2021-08-01 22:00:00,759.683,11.047,758.5556666666668,0.13528616099288107
2021-08-01 22:15:00,759.975,10.987,758.633,0.137435101266554
2021-08-01 22:30:00,760.15,10.933,758.633,0.13918689853866575
2021-08-01 22:45:00,759.858,10.893,758.5943333333333,0.13665063710074757
2021-08-01 23:00:00,759.8,10.853,758.4586666666667,0.13742804977571071
2021-08-01 23:15:00,759.975,10.84,758.4003333333334,0.13976390015263807
2021-08-01 23:30:00,759.858,10.86,758.4003333333334,0.13859268088091506
2021-08-01 23:45:00,759.683,10.827,758.2253333333333,0.13859257989911242
2021-08-02 00:00:00,759.858,10.773,758.342,0.1391763781971668
2021-08-02 00:15:00,759.975,10.727,758.4003333333334,0.13976352661184144
2021-08-02 00:30:00,759.975,10.72,758.5556666666668,0.13820850926849954
2021-08-02 00:45:00,759.8,10.7,758.5943333333333,0.13606950739342163
2021-08-02 01:00:00,759.975,10.647,758.517,0.1385953659356223
2021-08-02 01:15:00,759.975,10.627,758.517,0.13859530472053366
2021-08-02 01:30:00,759.858,10.653,758.4586666666667,0.1380080986035704
2021-08-02 01:45:00,759.8,10.56,758.2836666666667,0.13917903710740362
2021-08-02 02:00:00,759.683,10.477,758.128,0.13956583327809224
2021-08-02 02:15:00,759.508,10.423,757.9333333333333,0.1397625216879284
2021-08-02 02:30:00,759.333,10.363,757.7,0.1403462366808402
2021-08-02 02:45:00,759.158,10.303,757.7,0.13859431303609648
2021-08-02 03:00:00,759.333,10.257,757.7583333333333,0.13976197294658116
2021-08-02 03:15:00,759.333,10.257,757.875,0.13859417224139411
2021-08-02 03:30:00,759.333,10.237,757.875,0.1385941110263055
2021-08-02 03:45:00,759.158,10.223,757.7776666666666,0.13781665210693966
2021-08-02 04:00:00,759.333,10.21,757.622,0.14112646266689757
2021-08-02 04:15:00,759.158,10.183,757.6610000000001,0.13898431877991127
2021-08-02 04:30:00,759.042,10.197,757.583,0.13860399819050095
2021-08-02 04:45:00,759.042,10.143,757.583,0.1386038327964004
2021-08-02 05:00:00,759.042,10.123,757.583,0.13860377153932613
2021-08-02 05:15:00,759.042,10.143,757.622,0.13821346303693663
2021-08-02 05:30:00,759.158,10.177,757.7,0.13859392738103815
2021-08-02 05:45:00,759.042,10.157,757.7583333333333,0.136848874852556
2021-08-02 06:00:00,759.333,10.137,757.875,0.13859380495086238
2021-08-02 06:15:00,759.158,10.123,757.9333333333333,0.13625822632750417
2021-08-02 06:30:00,759.508,10.09,758.0889999999999,0.13820329567515655
2021-08-02 06:45:00,759.508,10.05,758.167,0.13742245222912805
2021-08-02 07:00:00,759.683,10.017,758.167,0.1391739722174628
2021-08-02 07:15:00,759.8,10.017,758.2253333333333,0.1397611795855957
2021-08-02 07:30:00,759.8,10.03,758.342,0.13859347745013675
2021-08-02 07:45:00,759.8,10.077,758.2836666666667,0.13917749961571835
2021-08-02 08:00:00,759.683,10.157,758.2253333333333,0.13859052966248336
2021-08-02 08:15:00,759.975,10.263,758.342,0.14034589386794827
2021-08-02 08:30:00,759.858,10.377,758.342,0.13917511792208298
2021-08-02 08:45:00,760.15,10.517,758.4003333333334,0.1415146289961303
2021-08-02 09:00:00,759.975,10.593,758.4586666666667,0.13917914215342087
2021-08-02 09:15:00,759.858,10.747,758.2836666666667,0.13976025580892867
2021-08-02 09:30:00,759.683,11.013,758.1863333333333,0.13898359005741429
2021-08-02 09:45:00,759.8,11.217,758.264,0.13937802594570206
2021-08-02 10:00:00,759.858,11.423,758.303,0.1395689213861778
2021-08-02 10:15:00,759.8,11.517,758.1666666666666,0.14035353019677285
2021-08-02 10:30:00,759.683,11.773,758.05,0.140351070342639
2021-08-02 10:45:00,759.508,12.053,757.9916666666667,0.13918378964381523
2021-08-02 11:00:00,759.683,12.29,757.9333333333333,0.14152114130539484
2021-08-02 11:15:00,759.508,12.49,758.05,0.13860100690603896
2021-08-02 11:30:00,759.333,12.617,758.05,0.13684882756024397
2021-08-02 11:45:00,759.333,12.643,757.9916666666667,0.1374330901259037
2021-08-02 12:00:00,759.217,12.88,757.836,0.13783102814058004
2021-08-02 12:15:00,759.042,13.343,757.6413333333334,0.1380293556697864
2021-08-02 12:30:00,758.867,13.783,757.4663333333333,0.13803064944382534
2021-08-02 12:45:00,758.867,13.98,757.583,0.13686251617304435
2021-08-02 13:00:00,758.867,13.617,757.486,0.13783316478439198
2021-08-02 13:15:00,758.692,13.523,757.292,0.13802320722325875
2021-08-02 13:30:00,758.692,13.24,757.292,0.13802237548738383
2021-08-02 13:45:00,758.692,12.9,757.1363333333334,0.1395804197284547
2021-08-02 14:00:00,758.05,12.907,756.825,0.13626872220149402
2021-08-02 14:15:00,758.225,13.14,756.7666666666667,0.13860633498727232
2021-08-02 14:30:00,757.875,13.437,756.5916666666667,0.13685437493046712
2021-08-02 14:45:00,758.05,13.517,756.436,0.1401667342836447
2021-08-02 15:00:00,757.758,13.583,756.2996666666667,0.13860769121148095
2021-08-02 15:15:00,757.583,13.797,756.1246666666667,0.13860834636267658
2021-08-02 15:30:00,757.408,14.153,755.9693333333333,0.13841241755735725
2021-08-02 15:45:00,757.408,14.883,755.892,0.13918945832493065
2021-08-02 16:00:00,757.408,15.227,755.892,0.1391905531093469
2021-08-02 16:15:00,757.408,15.08,755.8336666666667,0.13977457624829748
2021-08-02 16:30:00,757.233,14.75,755.6586666666667,0.13977348560786412
2021-08-02 16:45:00,757.233,14.757,755.6586666666667,0.13977350874266117
2021-08-02 17:00:00,757.408,14.57,755.892,0.13918846219841238
2021-08-02 17:15:00,757.408,14.247,755.892,0.13918743424676572
2021-08-02 17:30:00,757.408,14.0,755.892,0.13918664816609477
2021-08-02 17:45:00,757.233,13.987,755.892,0.13743353542875092
2021-08-02 18:00:00,757.233,14.0,755.8336666666667,0.13801793073906593
2021-08-02 18:15:00,757.058,13.817,755.717,0.1374330568552355
2021-08-02 18:30:00,757.408,13.657,755.814,0.13996687147976503
2021-08-02 18:45:00,757.408,13.053,756.1053333333333,0.13704697514241967
2021-08-02 19:00:00,757.583,11.973,756.3,0.13684709302357026
2021-08-02 19:15:00,757.758,11.41,756.4166666666666,0.13742961819753158
2021-08-02 19:30:00,757.875,11.17,756.65,0.13626425529491135
2021-08-02 19:45:00,758.05,11.117,756.5333333333333,0.13918414733205933
2021-08-02 20:00:00,758.05,11.17,756.3583333333333,0.14093635255011625
2021-08-02 20:15:00,758.225,11.137,756.4166666666666,0.14210425158921192
2021-08-02 20:30:00,758.05,11.093,756.3583333333333,0.1409360791010278
2021-08-02 20:45:00,758.05,10.927,756.4166666666666,0.1403515071878427
2021-08-02 21:00:00,758.05,10.807,756.4166666666666,0.14035109572839927
2021-08-02 21:15:00,758.05,10.78,756.5916666666667,0.13859910995537886
2021-08-02 21:30:00,758.225,10.74,756.5333333333333,0.1409348254967652
2021-08-02 21:45:00,758.4,10.613,756.65,0.14151831843103482
2021-08-02 22:00:00,758.4,10.56,756.689,0.14112771982244554
2021-08-02 22:15:00,758.4,10.497,756.7280000000001,0.14073709479228202
2021-08-02 22:30:00,758.4,10.41,756.65,0.1415175726607936
2021-08-02 22:45:00,758.225,10.377,756.5916666666667,0.14034962133206033
2021-08-02 23:00:00,758.05,10.37,756.475,0.139765683139893
2021-08-02 23:15:00,758.05,10.377,756.4166666666666,0.14034962133206033
2021-08-02 23:30:00,758.05,10.357,756.3,0.14151737795230698
2021-08-02 23:45:00,758.05,10.323,756.261,0.14190763754140698
2021-08-03 00:00:00,757.583,10.25,756.183,0.13801358788927215
2021-08-03 00:15:00,757.7,10.203,756.1246666666667,0.13976846751167155
2021-08-03 00:30:00,757.7,10.143,756.008,0.140936041872179
2021-08-03 00:45:00,757.7,10.05,755.9496666666666,0.14151958654117727
2021-08-03 01:00:00,757.583,9.937,755.833,0.14151583497939563
2021-08-03 01:15:00,757.408,9.87,755.7943333333333,0.14015104106039497
2021-08-03 01:30:00,757.408,9.83,755.717,0.14092492127642986
2021-08-03 01:45:00,757.233,9.777,755.6586666666667,0.13975704998705324
2021-08-03 02:00:00,757.233,9.723,755.542,0.14092454143848288
2021-08-03 02:15:00,757.058,9.653,755.503,0.13956314342495785
2021-08-03 02:30:00,757.058,9.56,755.425,0.1403434838933075
2021-08-03 02:45:00,756.942,9.46,755.4639999999999,0.13879189376414747
2021-08-03 03:00:00,756.942,9.337,755.503,0.1384012083565077
2021-08-03 03:15:00,756.942,9.343,755.3666666666667,0.13976562343122345
2021-08-03 03:30:00,756.767,9.297,755.25,0.13918168851323764
2021-08-03 03:45:00,756.767,9.257,755.25,0.1391815611287528
2021-08-03 04:00:00,756.767,9.177,755.1526666666666,0.1401553651286378
2021-08-03 04:15:00,756.417,9.027,754.8996666666667,0.13918416438070275
2021-08-03 04:30:00,756.3,8.947,754.822,0.1387903020584805
2021-08-03 04:45:00,756.3,8.947,754.9,0.1380097583774508
2021-08-03 05:00:00,756.3,8.893,754.9,0.13800959967166548
2021-08-03 05:15:00,756.417,8.853,754.9,0.139180274545456
2021-08-03 05:30:00,756.3,8.867,754.9583333333334,0.1374257931220284
2021-08-03 05:45:00,756.417,8.807,755.0166666666667,0.1380126824767977
2021-08-03 06:00:00,756.767,8.76,754.9583333333334,0.14209856354011122
2021-08-03 06:15:00,756.417,8.773,755.1333333333333,0.13684514527779568
2021-08-03 06:30:00,756.592,8.76,755.1916666666667,0.1380125443110958
2021-08-03 06:45:00,756.767,8.677,755.1723333333333,0.13995687805603368
2021-08-03 07:00:00,756.767,8.743,755.3863333333333,0.13781569900995594
2021-08-03 07:15:00,756.942,9.243,755.4056666666667,0.13937499664955824
2021-08-03 07:30:00,756.942,9.33,755.4253333333334,0.1391784576806723
2021-08-03 07:45:00,756.942,9.587,755.4446666666666,0.1389857818791445
2021-08-03 08:00:00,756.767,9.69,755.1916666666667,0.13976677098461354
2021-08-03 08:15:00,756.767,9.66,755.1333333333333,0.1403504990175723
2021-08-03 08:30:00,756.767,9.89,755.25,0.13918357698822525
2021-08-03 08:45:00,756.942,10.257,755.25,0.14093644679865414
2021-08-03 09:00:00,756.767,10.43,755.25,0.1391852966787705
2021-08-03 09:15:00,756.942,10.8,755.25,0.14093837552739089
2021-08-03 09:30:00,756.942,11.06,755.25,0.14093929904391309
2021-08-03 09:45:00,757.058,11.217,755.25,0.14210121804025352
2021-08-03 10:00:00,756.942,11.577,755.1916666666667,0.1415251974183725
2021-08-03 10:15:00,757.058,12.277,755.075,0.14385768442817382
2021-08-03 10:30:00,757.233,13.087,755.0360000000001,0.14600440787765748
2021-08-03 10:45:00,756.592,13.913,754.997,0.13997774551683984
2021-08-03 11:00:00,756.417,15.007,755.075,0.1374464265617773
2021-08-03 11:15:00,756.3,14.59,755.0360000000001,0.13666378408490662
2021-08-03 11:30:00,756.3,14.983,754.8996666666667,0.13803083803796848
2021-08-03 11:45:00,756.125,15.127,754.783,0.13744676463029143
2021-08-03 12:00:00,756.125,15.527,754.7443333333333,0.1378353618226407
2021-08-03 12:15:00,755.95,15.85,754.6086666666666,0.13744212051867702
2021-08-03 12:30:00,755.775,15.87,754.492,0.1368575891251487
2021-08-03 12:45:00,755.308,15.877,754.4336666666667,0.13276214750023801
2021-08-03 13:00:00,755.483,16.05,754.278,0.13607636717841792
2021-08-03 13:15:00,755.308,16.427,754.1416666666667,0.1356897774987939
2021-08-03 13:30:00,755.483,16.653,754.025,0.13861374882673455
2021-08-03 13:45:00,755.658,15.95,754.025,0.14036538963719736
2021-08-03 14:00:00,755.483,14.26,753.9666666666667,0.13919081499401798
2021-08-03 14:15:00,754.842,14.843,753.7916666666666,0.13452365480605688
2021-08-03 14:30:00,754.667,15.46,753.636,0.13433128282883972
2021-08-03 14:45:00,754.842,15.957,753.558,0.136867845135446
2021-08-03 15:00:00,754.667,16.11,753.558,0.13511440624301835
2021-08-03 15:15:00,754.492,16.24,753.4996666666667,0.13394544285700882
2021-08-03 15:30:00,754.492,16.14,753.3246666666666,0.1356990968601536
2021-08-03 15:45:00,754.317,16.307,753.1693333333333,0.13550239849132098
2021-08-03 16:00:00,754.2,16.607,753.0336666666667,0.1356902182222406
2021-08-03 16:15:00,754.317,16.697,752.9753333333333,0.13744784661344847
2021-08-03 16:30:00,754.2,16.743,753.0336666666667,0.1356905512132892
2021-08-03 16:45:00,754.2,16.723,752.8196666666666,0.1378354872227712
2021-08-03 17:00:00,753.85,16.247,752.7223333333334,0.13530180803400982
2021-08-03 17:15:00,753.85,15.877,752.917,0.13335007657383424
2021-08-03 17:30:00,753.85,15.557,752.9753333333333,0.13276490043105843
2021-08-03 17:45:00,754.317,15.28,753.2473333333334,0.13471834349167353
2021-08-03 18:00:00,754.958,14.997,753.811,0.13549256255785552
2021-08-03 18:15:00,755.133,14.173,754.2196666666666,0.13314971955801197
2021-08-03 18:30:00,754.958,13.2,753.8693333333333,0.13490397485508543
2021-08-03 18:45:00,754.492,12.683,753.4413333333333,0.1345222303920759
2021-08-03 19:00:00,754.2,12.51,753.208,0.13393433441437544
2021-08-03 19:15:00,754.2,12.317,753.111,0.1349052948448041
2021-08-03 19:30:00,753.85,12.207,752.8586666666666,0.1339270275443724
2021-08-03 19:45:00,753.85,12.113,752.742,0.13509508719190347
2021-08-03 20:00:00,753.85,12.22,752.8003333333334,0.1345111953365058
2021-08-03 20:15:00,754.025,12.127,752.9753333333333,0.13451099040661085
2021-08-03 20:30:00,754.2,11.987,753.092,0.1350947941152199
2021-08-03 20:45:00,754.2,11.733,753.1306666666667,0.13470704098013503
2021-08-03 21:00:00,754.2,11.357,753.3636666666666,0.13237339403973808
2021-08-03 21:15:00,754.667,11.1,753.7333333333333,0.13334739452060268
2021-08-03 21:30:00,754.958,10.933,753.9083333333333,0.13450835937118552
2021-08-03 21:45:00,755.133,10.773,754.064,0.1347015490057869
2021-08-03 22:00:00,755.133,10.593,754.2003333333333,0.1333363903594789
2021-08-03 22:15:00,755.308,10.477,754.317,0.1339200905328546
2021-08-03 22:30:00,755.308,10.37,754.317,0.13391986793119642
2021-08-03 22:45:00,755.308,10.463,754.3753333333333,0.13333613582842796
2021-08-03 23:00:00,755.483,10.58,754.492,0.133920304812954
2021-08-03 23:15:00,755.483,10.6,754.4336666666667,0.1345042887764856
2021-08-03 23:30:00,755.308,10.443,754.317,0.13392001979961743
2021-08-03 23:45:00,755.308,10.337,754.317,0.1339197992783486
2021-08-04 00:00:00,755.483,10.33,754.317,0.13567151259174107
2021-08-04 00:15:00,755.483,10.297,754.317,0.13567143181553462
2021-08-04 00:30:00,755.6,10.303,754.414,0.13587164284006337
2021-08-04 00:45:00,755.483,10.35,754.5693333333332,0.13314572618649956
2021-08-04 01:00:00,755.308,10.403,754.4336666666667,0.1327521001210723
2021-08-04 01:15:00,755.308,10.377,754.317,0.13391988249392173
2021-08-04 01:30:00,755.483,10.23,754.2586666666667,0.13625516486158087
2021-08-04 01:45:00,755.308,9.963,754.2003333333333,0.13508674991252406
2021-08-04 02:00:00,755.133,9.717,754.2586666666667,0.13275084098659884
2021-08-04 02:15:00,755.308,9.587,754.1030000000001,0.13606001814182944
2021-08-04 02:30:00,754.958,9.473,754.064,0.1329472185962059
2021-08-04 02:45:00,755.133,9.35,754.142,0.13391774593408112
2021-08-04 03:00:00,755.133,9.343,754.1030000000001,0.1343080356331939
2021-08-04 03:15:00,754.958,9.473,754.025,0.13333753350140964
2021-08-04 03:30:00,755.133,9.533,754.025,0.1350890860979053
2021-08-04 03:45:00,755.133,9.527,753.9666666666667,0.13567288310000236
2021-08-04 04:00:00,754.958,9.38,753.85,0.13508873021907375
2021-08-04 04:15:00,754.958,9.177,753.7916666666666,0.13567202613774637
2021-08-04 04:30:00,754.667,9.007,753.7333333333333,0.13334329217688354
2021-08-04 04:45:00,754.958,8.913,753.7916666666666,0.13567137974335788
2021-08-04 05:00:00,754.842,8.833,753.7916666666666,0.13451040307591325
2021-08-04 05:15:00,754.842,8.743,754.025,0.13217534482699256
2021-08-04 05:30:00,755.133,8.61,753.9083333333333,0.1362543365228806
2021-08-04 05:45:00,755.133,8.51,753.889,0.1364475297864423
2021-08-04 06:00:00,755.483,8.413,754.2196666666666,0.13664072288905751
2021-08-04 06:15:00,755.133,8.36,754.1223333333334,0.13411246586246026
2021-08-04 06:30:00,755.483,8.32,754.317,0.13566659258643915
2021-08-04 06:45:00,755.308,8.34,754.2196666666666,0.1348895324853365
2021-08-04 07:00:00,755.308,8.4,754.064,0.13644724252057375
2021-08-04 07:15:00,755.308,8.57,754.2003333333333,0.13508351076173394
2021-08-04 07:30:00,755.483,8.813,754.317,0.13566779933400822
2021-08-04 07:45:00,755.483,9.083,754.2586666666667,0.13625221681694746
2021-08-04 08:00:00,755.308,9.203,754.2003333333333,0.13508498268021935
2021-08-04 08:15:00,755.483,9.427,754.3753333333333,0.13508550354868662
2021-08-04 08:30:00,755.6,9.667,754.5306666666667,0.13470240315483903
2021-08-04 08:45:00,755.6,9.95,754.608,0.1339290032435297
2021-08-04 09:00:00,755.775,10.21,754.6663333333333,0.13509733388468648
2021-08-04 09:15:00,755.775,10.733,754.783,0.1339306338321111
2021-08-04 09:30:00,755.775,11.06,754.7246666666666,0.13451531349238927
2021-08-04 09:45:00,755.775,11.29,754.6663333333333,0.13509984748202924
2021-08-04 10:00:00,755.658,11.657,754.7246666666666,0.13334514870445238
2021-08-04 10:15:00,755.775,12.497,754.608,0.1356868313186894
2021-08-04 10:30:00,755.95,13.187,754.7246666666666,0.13627278087926484
2021-08-04 10:45:00,755.95,14.227,754.958,0.13393791004732158
2021-08-04 11:00:00,756.125,15.663,754.958,0.13569458758531047
2021-08-04 11:15:00,756.3,16.427,755.0553333333334,0.1364748868763913
2021-08-04 11:30:00,756.3,17.037,755.0943333333333,0.13608554656466162
2021-08-04 11:45:00,756.3,17.413,754.8413333333333,0.13862275816196853
2021-08-04 12:00:00,755.95,17.593,754.8996666666667,0.13452971840969996
2021-08-04 12:15:00,756.125,17.42,754.686,0.138425626033009
2021-08-04 12:30:00,755.95,17.217,754.492,0.13861547509223524
2021-08-04 12:45:00,755.658,16.983,754.5503333333334,0.13510307355828619
2021-08-04 13:00:00,755.658,17.017,754.6086666666666,0.1345184244488717
2021-08-04 13:15:00,755.775,17.083,754.4336666666667,0.13744559244704768
2021-08-04 13:30:00,755.775,17.24,754.3753333333333,0.13803079001160717
2021-08-04 13:45:00,755.483,17.433,754.4336666666667,0.1345193408334287
2021-08-04 14:00:00,755.95,17.64,754.278,0.14076216672918623
2021-08-04 14:15:00,755.483,18.05,754.239,0.1364724435717689
2021-08-04 14:30:00,755.658,18.317,754.2196666666666,0.13842165132462314
2021-08-04 14:45:00,755.483,18.467,753.9666666666667,0.13920420676942144
2021-08-04 15:00:00,755.483,18.317,753.85,0.14037350401838175
2021-08-04 15:15:00,755.133,17.687,753.85,0.13686248299647813
2021-08-04 15:30:00,755.133,17.48,753.85,0.136861925466833
2021-08-04 15:45:00,755.133,17.333,753.7916666666666,0.13744629640657313
2021-08-04 16:00:00,755.017,16.67,753.7333333333333,0.1368664259511127
2021-08-04 16:15:00,755.017,16.433,753.85,0.13569647397990878
2021-08-04 16:30:00,755.017,16.26,753.7916666666666,0.13628068562256554
2021-08-04 16:45:00,754.958,15.757,753.675,0.13685728477321832
2021-08-04 17:00:00,755.133,15.407,753.7333333333333,0.1380254041145562
2021-08-04 17:15:00,755.017,15.57,753.85,0.1356943597480408
2021-08-04 17:30:00,755.133,15.563,753.7916666666666,0.13744131237314353
2021-08-04 17:45:00,755.017,15.267,753.7333333333333,0.1368626451755443
2021-08-04 18:00:00,755.133,14.817,753.9083333333333,0.13627029423424772
2021-08-04 18:15:00,754.958,14.497,753.9666666666667,0.13393179323838486
2021-08-04 18:30:00,754.958,14.233,753.9083333333333,0.1345156310771349
2021-08-04 18:45:00,754.958,14.073,754.025,0.1333465432036509
2021-08-04 19:00:00,755.133,13.75,754.064,0.13470822979089775
2021-08-04 19:15:00,755.308,13.37,754.2586666666667,0.13451039066405218
2021-08-04 19:30:00,755.658,13.047,754.5889999999999,0.1347066521651225
2021-08-04 19:45:00,755.95,12.793,754.8413333333333,0.13510334557166606
2021-08-04 20:00:00,755.95,12.543,754.997,0.1335438368841573
2021-08-04 20:15:00,755.95,12.39,755.1333333333333,0.13217826178211264
2021-08-04 20:30:00,756.3,12.193,755.3083333333333,0.1339303363373046
2021-08-04 20:45:00,756.592,12.04,755.4639999999999,0.1352951866605373
2021-08-04 21:00:00,756.592,11.867,755.6003333333333,0.1339296576741393
2021-08-04 21:15:00,756.767,11.713,755.814,0.1335421763723963
2021-08-04 21:30:00,757.058,11.68,756.008,0.13451334299018888
2021-08-04 21:45:00,757.058,11.687,756.1053333333333,0.13353878678226336
2021-08-04 22:00:00,757.408,11.597,756.3583333333333,0.13450982252656443
2021-08-04 22:15:00,757.758,11.583,756.5333333333333,0.13626197987327443
2021-08-04 22:30:00,757.875,11.517,756.7083333333334,0.13568109299769449
2021-08-04 22:45:00,757.758,11.423,756.7083333333334,0.13450943910934166
2021-08-04 23:00:00,757.583,11.323,756.5333333333333,0.1345092187546159
2021-08-04 23:15:00,757.758,11.17,756.65,0.13509289376878614
2021-08-04 23:30:00,757.758,11.093,756.5916666666667,0.1356767173939901
2021-08-04 23:45:00,757.875,11.007,756.5333333333333,0.13743182051304192
2021-08-05 00:00:00,757.875,10.947,756.65,0.13626368182331208
2021-08-05 00:15:00,757.583,10.92,756.65,0.13334036764035379
2021-08-05 00:30:00,757.758,10.747,756.65,0.13509190986849132
2021-08-05 00:45:00,757.875,10.543,756.65,0.13626264288821743
2021-08-05 01:00:00,757.7,10.363,756.5916666666667,0.13509435333002648
2021-08-05 01:15:00,757.7,10.27,756.4166666666666,0.13684584278009326
2021-08-05 01:30:00,757.408,10.19,756.3,0.13509061428346955
2021-08-05 01:45:00,757.583,10.09,756.3583333333333,0.13625814148708607
2021-08-05 02:00:00,757.583,10.043,756.475,0.13509027236067206
2021-08-05 02:15:00,757.408,10.063,756.3776666666666,0.1343129288990653
2021-08-05 02:30:00,757.233,10.063,756.183,0.13450977872276168
2021-08-05 02:45:00,757.408,9.963,756.0663333333333,0.13742888004752093
2021-08-05 03:00:00,757.408,9.803,755.9496666666666,0.1385961189146346
2021-08-05 03:15:00,757.408,9.717,756.222,0.13587018384686264
2021-08-05 03:30:00,757.233,9.71,756.2026666666667,0.1343121653737893
2021-08-05 03:45:00,757.408,9.647,756.0663333333333,0.13742799002155817
2021-08-05 04:00:00,757.408,9.587,756.183,0.13626018441804444
2021-08-05 04:15:00,757.408,9.507,756.1246666666667,0.13684378719728899
2021-08-05 04:30:00,757.233,9.387,756.0663333333333,0.13567587627975253
2021-08-05 04:45:00,757.408,9.297,756.1246666666667,0.13684322144055427
2021-08-05 05:00:00,757.408,9.197,756.1053333333333,0.13703643027099974
2021-08-05 05:15:00,757.583,9.083,756.261,0.13722959213068917
2021-08-05 05:30:00,757.408,8.953,756.222,0.13586828167825282
2021-08-05 05:45:00,757.583,8.84,756.3,0.1368386546642554
2021-08-05 06:00:00,757.583,8.78,756.3583333333333,0.13625477357957988
2021-08-05 06:15:00,757.583,8.683,756.475,0.13508710899329396
2021-08-05 06:30:00,757.7,8.597,756.475,0.13625763851273825
2021-08-05 06:45:00,757.875,8.61,756.475,0.13800876793579056
2021-08-05 07:00:00,758.05,8.657,756.5333333333333,0.13917631490765414
2021-08-05 07:15:00,757.875,8.773,756.8056666666666,0.13470039627399794
2021-08-05 07:30:00,758.225,8.987,757.0586666666667,0.13567156092966226
2021-08-05 07:45:00,758.4,9.21,757.0003333333333,0.1380071954926127
2021-08-05 08:00:00,758.225,9.387,757.1556666666667,0.13470177460155444
2021-08-05 08:15:00,758.4,9.71,757.1943333333332,0.13606700166839114
2021-08-05 08:30:00,758.4,10.01,757.117,0.13684180591877132
2021-08-05 08:45:00,758.4,10.243,757.1753333333334,0.13625853483811393
2021-08-05 09:00:00,758.517,10.45,757.2336666666666,0.1368463277144373
2021-08-05 09:15:00,758.4,10.987,757.1753333333334,0.1362604476039037
2021-08-05 09:30:00,758.517,11.37,757.292,0.13626476961921563
2021-08-05 09:45:00,758.517,11.55,757.292,0.1362652325110895
2021-08-05 10:00:00,758.4,11.88,757.3306666666667,0.13470737097060717
2021-08-05 10:15:00,758.692,12.47,757.408,0.13685844599943722
2021-08-05 10:30:00,758.517,13.417,757.408,0.13510813665703986
2021-08-05 10:45:00,758.692,14.823,757.4276666666667,0.13666774211745683
2021-08-05 11:00:00,758.867,16.077,757.467,0.13803071341910522
2021-08-05 11:15:00,758.692,17.017,757.467,0.1362792915659485
2021-08-05 11:30:00,758.692,17.513,757.4086666666667,0.13686535599927988
2021-08-05 11:45:00,758.692,17.877,757.3503333333333,0.13745117012811947
2021-08-05 12:00:00,758.692,17.797,757.3503333333333,0.13745094480509093
2021-08-05 12:15:00,758.575,17.367,757.1753333333334,0.13803116317523265
2021-08-05 12:30:00,758.575,17.063,757.1946666666666,0.1378364724442147
2021-08-05 12:45:00,758.05,16.963,756.9416666666667,0.13510970958425284
2021-08-05 13:00:00,757.875,17.21,756.7666666666667,0.13511028428043376
2021-08-05 13:15:00,758.05,17.607,756.65,0.13803521008302266
2021-08-05 13:30:00,757.933,17.633,756.5526666666666,0.13783812413898763
2021-08-05 13:45:00,757.875,17.857,756.3969999999999,0.13881794747267068
2021-08-05 14:00:00,757.758,17.593,756.436,0.13725320952487086
2021-08-05 14:15:00,757.758,17.24,756.358,0.13803413147148316
2021-08-05 14:30:00,757.758,17.21,756.358,0.13803404330160243
2021-08-05 14:45:00,757.583,17.307,756.2413333333333,0.1374495647015411
2021-08-05 15:00:00,757.233,17.003,756.008,0.13627925556324572
2021-08-05 15:15:00,757.408,16.32,755.9693333333333,0.13841896226205386
2021-08-05 15:30:00,757.233,15.697,755.892,0.13743834931530352
2021-08-05 15:45:00,757.117,15.697,755.7753333333334,0.13744503007558873
2021-08-05 16:00:00,756.767,16.467,755.503,0.13666876469230657
2021-08-05 16:15:00,756.942,16.81,755.4639999999999,0.13881469890379933
2021-08-05 16:30:00,756.767,16.113,755.4446666666666,0.13725244282321358
2021-08-05 16:45:00,756.592,15.597,755.1916666666667,0.13803264301118073
2021-08-05 17:00:00,756.592,15.313,755.1333333333333,0.138616327638667
2021-08-05 17:15:00,756.592,14.903,755.25,0.13744613356906507
2021-08-05 17:30:00,756.417,14.577,755.25,0.13569192703396793
2021-08-05 17:45:00,756.3,14.497,755.25,0.13451955235403956
2021-08-05 18:00:00,756.3,14.737,755.1916666666667,0.13510453033850872
2021-08-05 18:15:00,756.3,14.777,755.1333333333333,0.1356890772702276
2021-08-05 18:30:00,756.417,14.643,755.25,0.1356920887249335
2021-08-05 18:45:00,756.3,14.433,755.3083333333333,0.1339349995443301
2021-08-05 19:00:00,756.3,14.167,755.425,0.1327656874604375
2021-08-05 19:15:00,756.3,13.947,755.425,0.13276528334848411
2021-08-05 19:30:00,756.417,13.87,755.425,0.13393716659888724
2021-08-05 19:45:00,756.417,13.777,755.3666666666667,0.13452130433278864
2021-08-05 20:00:00,756.3,13.537,755.3083333333333,0.1339331342615199
2021-08-05 20:15:00,756.417,13.107,755.425,0.13393557766007658
2021-08-05 20:30:00,756.417,12.683,755.4639999999999,0.13354411697047844
2021-08-05 20:45:00,756.3,12.357,755.542,0.13159070964875028
2021-08-05 21:00:00,756.417,12.087,755.542,0.1327618667656042
2021-08-05 21:15:00,756.767,11.86,755.542,0.13626602971376112
2021-08-05 21:30:00,756.767,11.68,755.6003333333333,0.1356814922113226
2021-08-05 21:45:00,756.767,11.57,755.717,0.13451310052301835
2021-08-05 22:00:00,756.767,11.477,755.814,0.13354170422688355
2021-08-05 22:15:00,756.942,11.337,756.0663333333333,0.13276716376959033
2021-08-05 22:30:00,757.233,11.123,756.183,0.13451211522460113
2021-08-05 22:45:00,757.233,11.027,756.183,0.13451190361688736
2021-08-05 23:00:00,757.233,10.96,756.1246666666667,0.13509574237302105
2021-08-05 23:15:00,756.942,10.92,755.9693333333333,0.13373747508915848
2021-08-05 23:30:00,756.767,10.893,755.892,0.13275967353982093
2021-08-05 23:45:00,756.942,10.847,755.8723333333334,0.13470838904426186
2021-08-06 00:00:00,756.767,10.827,755.833,0.13335019640460044
2021-08-06 00:15:00,756.942,10.773,755.8913333333334,0.134518017607184
2021-08-06 00:30:00,757.058,10.74,756.008,0.13451127099799162
2021-08-06 00:45:00,757.058,10.7,755.9496666666666,0.13509513742967416
2021-08-06 01:00:00,757.058,10.64,755.8526666666667,0.1360660186898478
2021-08-06 01:15:00,756.942,10.497,755.892,0.13451073536596617
2021-08-06 01:30:00,757.058,10.33,755.892,0.13567151259174107
2021-08-06 01:45:00,756.767,10.157,755.8336666666667,0.13334220970842792
2021-08-06 02:00:00,756.767,10.037,755.717,0.13450972141233922
2021-08-06 02:15:00,756.942,10.083,755.717,0.13626145994231906
2021-08-06 02:30:00,756.942,10.037,755.717,0.13626134164772907
2021-08-06 02:45:00,756.767,10.13,755.717,0.1345099264073119
2021-08-06 03:00:00,756.592,10.437,755.6196666666666,0.13373315215086184
2021-08-06 03:15:00,756.592,10.813,755.425,0.13568270574920577
2021-08-06 03:30:00,756.592,11.143,755.425,0.1356835142040336
2021-08-06 03:45:00,756.417,11.417,755.425,0.13393205825432294
2021-08-06 04:00:00,756.592,11.577,755.425,0.13568457744462536
2021-08-06 04:15:00,756.592,11.65,755.3666666666667,0.13626882722145237
2021-08-06 04:30:00,756.417,11.693,755.25,0.13568486162874518
2021-08-06 04:45:00,756.3,11.643,755.1916666666667,0.13509733151266312
2021-08-06 05:00:00,756.3,11.537,755.075,0.1362651990800097
2021-08-06 05:15:00,756.3,11.517,755.075,0.13626514764757927
2021-08-06 05:30:00,756.125,11.497,755.0360000000001,0.13490342022718124
2021-08-06 05:45:00,756.125,11.63,754.958,0.13568470728736898
2021-08-06 06:00:00,756.125,11.63,754.997,0.13529421578419196
2021-08-06 06:15:00,756.125,11.323,755.1333333333333,0.13392852518100307
2021-08-06 06:30:00,756.3,10.51,755.25,0.1345107640211774
2021-08-06 06:45:00,756.125,10.063,755.1916666666667,0.13334202553134222
2021-08-06 07:00:00,756.3,9.877,755.1333333333333,0.13567707636979437
2021-08-06 07:15:00,756.3,9.863,755.25,0.13450933787335653
2021-08-06 07:30:00,756.3,9.983,755.25,0.13450960238299872
2021-08-06 07:45:00,756.417,10.103,755.25,0.13568096634639285
2021-08-06 08:00:00,756.3,10.197,755.25,0.13451007409186067
2021-08-06 08:15:00,756.3,10.49,755.25,0.13451071993623703
2021-08-06 08:30:00,756.417,10.627,755.25,0.13568225007466495
2021-08-06 08:45:00,756.417,10.793,755.25,0.135682656751942
2021-08-06 09:00:00,756.3,11.117,755.3083333333333,0.1339280963325013
2021-08-06 09:15:00,756.417,11.61,755.3666666666667,0.13451652621311788
2021-08-06 09:30:00,756.3,12.297,755.1916666666667,0.13509885317785478
2021-08-06 09:45:00,756.3,12.743,755.075,0.1362683004555645
2021-08-06 10:00:00,756.3,13.113,755.1333333333333,0.135685001862407
2021-08-06 10:15:00,756.417,13.677,755.3083333333333,0.1351054029976392
2021-08-06 10:30:00,756.417,14.783,755.425,0.13393906791098964
2021-08-06 10:45:00,756.767,16.573,755.425,0.13745083835588817
2021-08-06 11:00:00,756.767,17.85,755.425,0.13745443596832602
2021-08-06 11:15:00,756.767,18.513,755.4833333333333,0.13687139242963917
2021-08-06 11:30:00,756.592,19.103,755.6,0.13394806426179037
2021-08-06 11:45:00,756.592,19.43,755.4443333333334,0.13550992266332523
2021-08-06 12:00:00,756.592,19.613,755.172,0.13824169293346328
2021-08-06 12:15:00,756.3,19.123,755.25,0.13452974920074645
2021-08-06 12:30:00,756.475,18.82,755.211,0.136675008362638
2021-08-06 12:45:00,755.95,18.72,754.9776666666667,0.13375005943295093
2021-08-06 13:00:00,756.125,18.917,754.7056666666667,0.1382329329034654
2021-08-06 13:15:00,755.833,19.057,754.7443333333333,0.13491736055586256
2021-08-06 13:30:00,755.658,18.647,754.5503333333334,0.13510694286691127
2021-08-06 13:45:00,755.658,18.89,754.317,0.13744733805200823
2021-08-06 14:00:00,755.483,19.52,754.317,0.13569400754135535
2021-08-06 14:15:00,755.483,20.19,754.278,0.1360868398708945
2021-08-06 14:30:00,755.308,20.51,754.2,0.13511461865945484
2021-08-06 14:45:00,755.308,20.247,754.1806666666668,0.13530793363523907
2021-08-06 15:00:00,755.133,19.84,754.142,0.13393956921813965
2021-08-06 15:15:00,755.133,19.357,754.0446666666667,0.13491470324038246
2021-08-06 15:30:00,755.017,19.13,753.7916666666666,0.13628806818464595
2021-08-06 15:45:00,754.842,19.03,753.636,0.13609393363063368
2021-08-06 16:00:00,754.667,18.82,753.558,0.1351207154067769
2021-08-06 16:15:00,754.492,18.27,753.4996666666667,0.13394967172940517
2021-08-06 16:30:00,754.317,18.387,753.2860000000001,0.13433761791244242
2021-08-06 16:45:00,754.2,18.317,753.092,0.13510951772956065
2021-08-06 17:00:00,754.025,18.057,753.092,0.13335434638924423
2021-08-06 17:15:00,753.85,17.72,752.9946666666666,0.13257504791867966
2021-08-06 17:30:00,753.675,17.863,752.7806666666667,0.1329663064991163
2021-08-06 17:45:00,754.025,17.673,752.703,0.13725343154502617
2021-08-06 18:00:00,753.675,17.163,752.664,0.1341344843754598
2021-08-06 18:15:00,753.675,16.91,752.703,0.13374302362708174
2021-08-06 18:30:00,753.558,16.467,752.625,0.13335123216607822
2021-08-06 18:45:00,753.558,15.89,752.5666666666667,0.13393469219548831
2021-08-06 19:00:00,753.383,15.36,752.45,0.13334906396164756
2021-08-06 19:15:00,753.383,15.153,752.45,0.1333486585250467
2021-08-06 19:30:00,753.383,14.703,752.45,0.1333477771411318
2021-08-06 19:45:00,753.383,14.313,752.5083333333333,0.13276261623215055
2021-08-06 20:00:00,753.558,14.287,752.664,0.13295625331350192
2021-08-06 20:15:00,753.558,14.207,752.742,0.1321746981979847
2021-08-06 20:30:00,753.558,14.12,752.742,0.13217454916569488
2021-08-06 20:45:00,753.675,14.133,752.742,0.13334666072150625
2021-08-06 21:00:00,753.85,14.107,752.8003333333334,0.13451535343018048
2021-08-06 21:15:00,754.025,13.883,752.9753333333333,0.13451485983559483
2021-08-06 21:30:00,753.85,13.67,753.1306666666667,0.13120547940803523
2021-08-06 21:45:00,754.025,13.47,753.208,0.13218345217138225
2021-08-06 22:00:00,754.317,13.207,753.2663333333334,0.13452338615086298
2021-08-06 22:15:00,754.317,12.993,753.383,0.13335444334622276
2021-08-06 22:30:00,754.317,12.787,753.3246666666666,0.13393824960755832
2021-08-06 22:45:00,754.492,12.623,753.2663333333334,0.13627466831913826
2021-08-06 23:00:00,754.025,12.577,753.3246666666666,0.1310135516633982
2021-08-06 23:15:00,754.025,12.483,753.2663333333334,0.13159758640928232
2021-08-06 23:30:00,754.2,12.343,753.383,0.13218151923778337
2021-08-06 23:45:00,754.2,12.303,753.383,0.13218145063321904
2021-08-07 00:00:00,754.2,12.403,753.3246666666666,0.13276578529245125
2021-08-07 00:15:00,754.2,12.443,753.208,0.13393419488763847
2021-08-07 00:30:00,754.2,12.22,753.1693333333333,0.13432093235328102
2021-08-07 00:45:00,754.025,11.76,753.092,0.1333420128903283
2021-08-07 01:00:00,754.025,11.457,753.092,0.13334141942515892
2021-08-07 01:15:00,753.85,11.417,753.0336666666667,0.13217325627178597
2021-08-07 01:30:00,753.85,11.217,752.917,0.13334094935373764
2021-08-07 01:45:00,754.025,11.007,752.917,0.13509251462990035
2021-08-07 02:00:00,753.675,10.86,752.917,0.1315883275378911
2021-08-07 02:15:00,753.85,10.74,752.8586666666666,0.13392397458667782
2021-08-07 02:30:00,753.675,10.733,752.703,0.1337304194403341
2021-08-07 02:45:00,753.5,10.853,752.625,0.13275960006492182
2021-08-07 03:00:00,753.383,11.29,752.625,0.13158901177815274
2021-08-07 03:15:00,753.5,11.37,752.5666666666667,0.13334458637654636
2021-08-07 03:30:00,753.383,11.343,752.45,0.1333411961412338
2021-08-07 03:45:00,753.5,11.343,752.3916666666667,0.1350966335011088
2021-08-07 04:00:00,753.383,11.483,752.3333333333334,0.13450957132217709
2021-08-07 04:15:00,753.383,11.76,752.45,0.1333420128903283
2021-08-07 04:30:00,753.208,11.84,752.45,0.13158988696918317
2021-08-07 04:45:00,753.383,11.76,752.45,0.1333420128903283
2021-08-07 05:00:00,753.383,11.65,752.45,0.13334179744092686
2021-08-07 05:15:00,753.208,11.657,752.45,0.1315895957692585
2021-08-07 05:30:00,753.208,11.713,752.3916666666667,0.13217376353130364
2021-08-07 05:45:00,753.383,11.707,752.275,0.1350941428336994
2021-08-07 06:00:00,753.033,11.657,752.3333333333334,0.13100552397523021
2021-08-07 06:15:00,753.383,11.55,752.45,0.13334160157783467
2021-08-07 06:30:00,753.383,11.53,752.5083333333333,0.13275750616337526
2021-08-07 06:45:00,753.5,11.203,752.625,0.13276024297030217
2021-08-07 07:00:00,753.5,11.027,752.625,0.13275991968073947
2021-08-07 07:15:00,753.675,10.887,752.625,0.1345115950223033
2021-08-07 07:30:00,753.5,11.053,752.664,0.1323695231764104
2021-08-07 07:45:00,753.675,11.217,752.742,0.13334094935373764
2021-08-07 08:00:00,753.675,11.35,752.742,0.13334120985165027
2021-08-07 08:15:00,753.85,11.65,752.742,0.13509401025139164
2021-08-07 08:30:00,753.675,11.807,752.8003333333334,0.1327580147832267
2021-08-07 08:45:00,753.675,11.867,752.917,0.131589929933105
2021-08-07 09:00:00,753.85,12.237,752.917,0.1333429471572781
2021-08-07 09:15:00,754.025,12.69,752.8586666666666,0.13568062759034774
2021-08-07 09:30:00,753.85,13.35,752.8003333333334,0.13451368534490662
2021-08-07 09:45:00,753.85,13.65,752.9753333333333,0.1327613988496159
2021-08-07 10:00:00,754.025,13.743,753.092,0.13334589685544665
2021-08-07 10:15:00,754.2,14.327,753.1306666666667,0.13471286407733632
2021-08-07 10:30:00,754.2,15.513,753.2663333333334,0.13335604413495325
2021-08-07 10:45:00,754.317,17.247,753.383,0.13336278429251439
2021-08-07 11:00:00,754.492,18.323,753.4413333333333,0.13453467023856297
2021-08-07 11:15:00,754.492,18.673,753.461,0.13433823691958652
2021-08-07 11:30:00,754.375,19.09,753.3056666666668,0.13472355621764698
2021-08-07 11:45:00,754.375,19.39,753.383,0.1339486619360219
2021-08-07 12:00:00,754.492,19.473,753.383,0.1351222356591512
2021-08-07 12:15:00,754.492,18.957,753.3443333333333,0.1355087830753141
2021-08-07 12:30:00,754.025,18.367,753.1503333333334,0.13277006007649514
2021-08-07 12:45:00,754.025,18.203,752.878,0.13550028221298327
2021-08-07 13:00:00,754.025,18.29,752.7416666666667,0.1368674492991983
2021-08-07 13:15:00,754.025,18.373,752.5666666666667,0.13862235557705985
2021-08-07 13:30:00,753.85,18.373,752.5083333333333,0.13745256713089643
2021-08-07 13:45:00,753.85,18.667,752.5666666666667,0.1368684649672426
2021-08-07 14:00:00,753.85,18.833,752.5083333333333,0.13745386273831056
2021-08-07 14:15:00,753.383,19.183,752.4693333333333,0.13316266827609968
2021-08-07 14:30:00,753.383,19.437,752.158,0.13628551489002882
2021-08-07 14:45:00,753.383,19.527,752.0996666666666,0.1368707818757752
2021-08-07 15:00:00,753.033,19.243,752.0413333333333,0.13394501294870031
2021-08-07 15:15:00,753.208,18.937,752.0996666666666,0.13511430250029155
2021-08-07 15:30:00,753.208,18.633,751.983,0.1362834473063271
2021-08-07 15:45:00,753.208,18.553,751.983,0.13628324157660537
2021-08-07 16:00:00,753.208,18.727,751.9246666666667,0.13686862661202243
2021-08-07 16:15:00,752.917,18.753,751.808,0.13512055942376147
2021-08-07 16:30:00,752.858,18.447,751.808,0.13452825912976205
2021-08-07 16:45:00,752.567,18.593,751.808,0.13161065994373214
2021-08-07 17:00:00,752.742,17.91,751.7693333333333,0.13375174798746453
2021-08-07 17:15:00,752.858,17.42,751.7306666666667,0.1353012432808971
2021-08-07 17:30:00,752.858,17.057,751.711,0.13549752278541732
2021-08-07 17:45:00,752.567,16.62,751.4586666666667,0.13510891152437549
2021-08-07 18:00:00,752.567,16.213,751.342,0.1362772239822453
2021-08-07 18:15:00,752.392,16.03,751.303,0.13491378320483846
2021-08-07 18:30:00,752.392,15.637,751.225,0.1356945238888695
2021-08-07 18:45:00,752.217,15.2,751.225,0.1339399363087392
2021-08-07 19:00:00,752.567,14.61,751.225,0.13744530811844305
2021-08-07 19:15:00,752.392,14.227,751.264,0.1353003654570334
2021-08-07 19:30:00,752.392,13.663,751.303,0.13490837196104602
2021-08-07 19:45:00,752.392,13.227,751.225,0.13568861971876311
2021-08-07 20:00:00,752.392,12.763,751.225,0.1356874829822779
2021-08-07 20:15:00,752.567,12.497,751.225,0.13743935529535678
2021-08-07 20:30:00,752.392,12.33,751.225,0.13568642219154925
2021-08-07 20:45:00,752.567,12.033,751.264,0.1370475235994962
2021-08-07 21:00:00,752.742,11.707,751.4003333333334,0.13743379208954018
2021-08-07 21:15:00,752.567,11.337,751.517,0.13451258693346158
2021-08-07 21:30:00,752.858,11.027,751.517,0.13742520261927973
2021-08-07 21:45:00,752.742,10.913,751.517,0.13626359438817887
2021-08-07 22:00:00,752.858,10.88,751.5753333333333,0.136840812149914
2021-08-07 22:15:00,752.742,10.827,751.7306666666667,0.134124373979853
2021-08-07 22:30:00,752.858,11.013,751.7693333333333,0.1348989766430993
2021-08-07 22:45:00,752.858,11.25,751.692,0.1356737645344678
2021-08-07 23:00:00,752.858,11.117,751.7306666666667,0.1352863266542903
2021-08-07 23:15:00,753.208,10.78,751.7693333333333,0.13840223052969614
2021-08-07 23:30:00,753.033,10.023,751.7306666666667,0.13703535269526979
2021-08-07 23:45:00,752.858,9.553,751.711,0.13547945407297862
2021-08-08 00:00:00,752.858,9.533,751.5753333333333,0.1368371851097288
2021-08-08 00:15:00,753.033,9.48,751.7306666666667,0.13703386815169719
2021-08-08 00:30:00,753.208,9.217,751.8663333333333,0.13742677891027977
2021-08-08 00:45:00,753.208,9.013,751.983,0.13625870830729117
2021-08-08 01:00:00,753.208,8.867,752.0413333333333,0.1356746027148071
2021-08-08 01:15:00,753.208,8.773,752.0996666666666,0.1350906538687807
2021-08-08 01:30:00,753.383,8.717,751.983,0.13800908240836665
2021-08-08 01:45:00,753.383,8.65,751.9246666666667,0.13859258905794958
2021-08-08 02:00:00,753.208,8.583,751.808,0.1380086885828979
2021-08-08 02:15:00,753.208,8.49,751.808,0.1380084152562676
2021-08-08 02:30:00,753.033,8.4,751.7693333333333,0.1366440236858242
2021-08-08 02:45:00,753.208,8.333,751.7306666666667,0.13878172652185877
2021-08-08 03:00:00,753.208,8.253,751.7693333333333,0.1383945985644131
2021-08-08 03:15:00,753.383,8.167,751.789,0.13994850052937227
2021-08-08 03:30:00,753.383,8.083,751.886,0.13897771926433983
2021-08-08 03:45:00,753.383,8.017,751.692,0.14091848533068066
2021-08-08 04:00:00,753.208,7.997,751.692,0.13916754354153021
2021-08-08 04:15:00,753.208,7.97,751.692,0.1391674576136836
2021-08-08 04:30:00,753.208,7.863,751.692,0.13916711708480994
2021-08-08 04:45:00,753.208,7.767,751.692,0.1391668115635775
2021-08-08 05:00:00,753.033,7.693,751.7306666666667,0.13702898255434134
2021-08-08 05:15:00,753.208,7.673,751.7693333333333,0.13839284686680164
2021-08-08 05:30:00,753.383,7.627,751.7306666666667,0.14053027183825612
2021-08-08 05:45:00,753.208,7.423,751.7693333333333,0.13839209182472775
2021-08-08 06:00:00,753.383,7.237,751.7306666666667,0.1405289190393789
2021-08-08 06:15:00,753.383,7.19,751.808,0.13975516888161546
2021-08-08 06:30:00,753.383,7.237,751.9246666666667,0.13858826322317605
2021-08-08 06:45:00,753.5,7.317,752.158,0.1374247620044969
2021-08-08 07:00:00,753.383,7.423,752.158,0.13625461942907063
2021-08-08 07:15:00,753.675,7.653,752.158,0.13917645301090956
2021-08-08 07:30:00,753.675,7.917,752.2553333333334,0.13820349243570654
2021-08-08 07:45:00,753.85,8.147,752.45,0.1380074071806327
2021-08-08 08:00:00,754.025,8.353,752.5083333333333,0.13917534699829676
2021-08-08 08:15:00,754.025,8.71,752.664,0.13761880939854976
2021-08-08 08:30:00,754.2,9.033,752.742,0.13859042587797182
2021-08-08 08:45:00,754.142,9.337,752.8003333333334,0.1374271168948211
2021-08-08 09:00:00,754.317,9.977,752.917,0.138012785543356
2021-08-08 09:15:00,754.317,10.477,752.917,0.13801425504136822
2021-08-08 09:30:00,754.492,10.853,752.917,0.1397672801168578
2021-08-08 09:45:00,754.317,11.317,752.9753333333333,0.137432693639779
2021-08-08 10:00:00,754.317,11.993,753.092,0.13626637173942496
2021-08-08 10:15:00,754.317,13.187,753.0336666666667,0.13685370141054487
2021-08-08 10:30:00,754.317,14.557,753.0336666666667,0.1368573922997189
2021-08-08 10:45:00,754.492,16.097,753.267,0.13627692567414731
2021-08-08 11:00:00,754.492,17.043,753.267,0.13627935842810657
2021-08-08 11:15:00,754.317,17.753,753.267,0.1345267293823313
2021-08-08 11:30:00,754.317,18.333,753.2086666666667,0.13511289717035918
2021-08-08 11:45:00,754.492,18.733,753.092,0.1380385193925477
2021-08-08 12:00:00,754.2,18.943,753.0336666666667,0.13569593783319328
2021-08-08 12:15:00,754.2,18.493,752.9753333333333,0.1362797449426406
2021-08-08 12:30:00,754.2,18.15,752.9946666666666,0.13608502151039206
2021-08-08 12:45:00,754.025,18.003,752.7416666666667,0.13686667609832753
2021-08-08 13:00:00,754.025,18.077,752.7806666666667,0.13647585612805652
2021-08-08 13:15:00,754.025,18.19,753.0336666666667,0.13393947870039313
2021-08-08 13:30:00,754.025,18.243,752.878,0.13550037852808156
2021-08-08 13:45:00,754.2,18.5,752.8389999999999,0.13764678064243788
2021-08-08 14:00:00,753.85,18.8,752.8196666666666,0.1343318266903866
2021-08-08 14:15:00,753.85,19.223,752.6833333333333,0.13569996625049974
2021-08-08 14:30:00,753.85,19.56,752.8,0.13453071245669496
2021-08-08 14:45:00,753.85,19.627,752.7416666666667,0.1351159079268699
2021-08-08 15:00:00,753.675,19.397,752.5083333333333,0.1357003924049218
2021-08-08 15:15:00,753.558,19.117,752.236,0.13725743900885826
2021-08-08 15:30:00,753.383,18.867,752.0996666666666,0.1368690037831804
2021-08-08 15:45:00,753.033,18.747,751.983,0.13452892040386902
2021-08-08 16:00:00,753.208,19.15,751.983,0.13628477683465365
2021-08-08 16:15:00,753.033,19.417,751.983,0.13453039724937133
2021-08-08 16:30:00,753.033,19.063,751.983,0.13452961694592683
2021-08-08 16:45:00,753.033,19.283,751.983,0.13453010188027087
2021-08-08 17:00:00,753.033,18.667,751.983,0.13452874406410756
2021-08-08 17:15:00,753.208,18.277,751.983,0.13628253180906547
2021-08-08 17:30:00,753.033,17.58,751.983,0.1345263480475986
2021-08-08 17:45:00,753.033,17.077,751.9246666666667,0.13510997482864404
2021-08-08 18:00:00,753.033,16.62,751.8663333333333,0.13569359107829
2021-08-08 18:15:00,753.033,16.173,751.9246666666667,0.13510787148715586
2021-08-08 18:30:00,753.033,15.983,751.7693333333333,0.13666413982115316
2021-08-08 18:45:00,753.033,15.373,751.7306666666667,0.13704997941371064
2021-08-08 19:00:00,753.033,14.877,751.808,0.1362737882958912
2021-08-08 19:15:00,752.858,14.353,751.8663333333333,0.13393483300122205
2021-08-08 19:30:00,752.858,13.927,751.9246666666667,0.13334959638510124
2021-08-08 19:45:00,753.208,13.463,751.8663333333333,0.13743873793001965
2021-08-08 20:00:00,753.208,12.987,751.983,0.13626892793121723
2021-08-08 20:15:00,753.383,12.563,752.0413333333333,0.13743620304594706
2021-08-08 20:30:00,753.208,12.22,752.158,0.1345145332835788
2021-08-08 20:45:00,753.208,11.907,752.158,0.13451384335426203
2021-08-08 21:00:00,753.5,11.667,752.197,0.13704652245569335
2021-08-08 21:15:00,753.5,11.477,752.3333333333334,0.13568099503116182
2021-08-08 21:30:00,753.675,11.33,752.5083333333333,0.13568063500414734
2021-08-08 21:45:00,753.85,11.21,752.625,0.1362643581597737
2021-08-08 22:00:00,753.675,11.08,752.664,0.1341215739684185
2021-08-08 22:15:00,754.025,10.933,752.742,0.136844291908445
2021-08-08 22:30:00,754.2,10.807,752.742,0.13859585565633276
2021-08-08 22:45:00,754.2,10.687,752.8003333333334,0.13801153535619393
2021-08-08 23:00:00,754.025,10.593,752.9753333333333,0.134507610165118
2021-08-08 23:15:00,754.025,10.51,753.0336666666667,0.13392349593618422
2021-08-08 23:30:00,754.142,10.39,752.8586666666666,0.13684616606965594
2021-08-08 23:45:00,754.025,10.277,752.8003333333334,0.1362586222494538
2021-08-09 00:00:00,754.025,10.19,752.917,0.13509061428346808
2021-08-09 00:15:00,754.2,10.143,752.917,0.13684216413830178
2021-08-09 00:30:00,754.2,10.077,752.917,0.13684198637522652
2021-08-09 00:45:00,754.2,10.023,752.9753333333333,0.1362579692353296
2021-08-09 01:00:00,754.317,9.983,753.0336666666667,0.136845069579221
2021-08-09 01:15:00,754.317,9.95,752.9753333333333,0.13742884343252879
2021-08-09 01:30:00,754.317,9.91,753.0336666666667,0.1368448729114037
2021-08-09 01:45:00,754.317,9.883,752.917,0.1380125092777297
2021-08-09 02:00:00,754.317,9.823,752.917,0.13801233293796822
2021-08-09 02:15:00,754.025,9.77,752.8586666666666,0.1356734780766569
2021-08-09 02:30:00,754.025,9.71,752.742,0.1368409979047929
2021-08-09 02:45:00,754.025,9.64,752.703,0.13723113794602954
2021-08-09 03:00:00,754.025,9.58,752.5666666666667,0.13859543621034828
2021-08-09 03:15:00,753.675,9.48,752.45,0.13625990925454018
2021-08-09 03:30:00,753.675,9.387,752.45,0.13625967009373868
2021-08-09 03:45:00,753.85,9.283,752.45,0.1380107458801165
2021-08-09 04:00:00,753.85,9.223,752.45,0.13801056954035504
2021-08-09 04:15:00,753.85,9.163,752.45,0.13801039320059355
2021-08-09 04:30:00,753.85,9.143,752.45,0.13801033442067306
2021-08-09 04:45:00,753.85,9.097,752.45,0.13801019922685595
2021-08-09 05:00:00,753.85,9.053,752.5083333333333,0.13742631699807126
2021-08-09 05:15:00,754.025,8.993,752.5666666666667,0.13859363913673747
2021-08-09 05:30:00,753.85,8.92,752.45,0.13800967902455963
2021-08-09 05:45:00,754.025,8.853,752.5083333333333,0.13917693895447666
2021-08-09 06:00:00,754.025,8.767,752.5666666666667,0.13859294724809004
2021-08-09 06:15:00,753.675,8.683,752.3916666666667,0.1368415672756252
2021-08-09 06:30:00,753.85,8.71,752.3916666666667,0.1385927727452026
2021-08-09 06:45:00,754.317,8.73,752.7223333333334,0.13995705548182416
2021-08-09 07:00:00,754.317,8.773,752.917,0.13800924699214254
2021-08-09 07:15:00,754.492,8.787,752.9753333333333,0.1391767288162624
2021-08-09 07:30:00,754.492,8.947,753.1306666666667,0.13762282219369282
2021-08-09 07:45:00,754.667,9.237,753.208,0.13860105785093546
2021-08-09 08:00:00,754.667,9.363,753.208,0.13860144377050343
2021-08-09 08:15:00,754.842,9.73,753.2663333333334,0.13977023947209477
2021-08-09 08:30:00,754.842,10.137,753.4413333333333,0.13801992876166472
2021-08-09 08:45:00,754.842,10.41,753.558,0.13685289331226255
2021-08-09 09:00:00,754.842,10.853,753.558,0.13685408740955302
2021-08-09 09:15:00,754.842,11.257,753.4996666666667,0.13743919919391548
2021-08-09 09:30:00,754.958,11.59,753.4413333333333,0.13918565332260555
2021-08-09 09:45:00,754.842,11.947,753.558,0.13685703626380988
2021-08-09 10:00:00,754.842,12.49,753.558,0.13685849990902144
2021-08-09 10:15:00,754.958,13.717,753.7136666666667,0.13646446690267205
2021-08-09 10:30:00,755.017,16.18,753.9276666666666,0.1349174668408239
2021-08-09 10:45:00,755.017,17.877,753.7719999999999,0.13648201749777106
2021-08-09 11:00:00,755.133,19.11,753.85,0.13686631567611587
2021-08-09 11:15:00,755.017,19.833,753.7526666666666,0.13668103962596384
2021-08-09 11:30:00,754.842,20.497,753.6163333333333,0.13629492828683487
2021-08-09 11:45:00,754.842,20.783,753.733,0.1351252854763201
2021-08-09 12:00:00,755.017,20.823,753.733,0.13688096133728828
2021-08-09 12:15:00,754.842,20.31,753.6746666666667,0.135709315707345
2021-08-09 12:30:00,754.492,19.74,753.4996666666667,0.13395273401631286
2021-08-09 12:45:00,754.375,19.767,753.383,0.13394944703422848
2021-08-09 13:00:00,754.375,19.827,753.383,0.13394957198354518
2021-08-09 13:15:00,754.492,19.887,753.383,0.1351231994945003
2021-08-09 13:30:00,754.317,19.21,753.3443333333333,0.1337544024606834
2021-08-09 13:45:00,754.317,19.017,753.267,0.1345295155505625
2021-08-09 14:00:00,754.2,19.05,753.267,0.1333562913097498
2021-08-09 14:15:00,753.85,19.137,753.2086666666667,0.13043152280502868
2021-08-09 14:30:00,753.85,19.547,752.9946666666666,0.13257832845543213
2021-08-09 14:45:00,754.025,20.433,752.8,0.13628807622506414
2021-08-09 15:00:00,753.85,20.823,752.7416666666667,0.1351186906662724
2021-08-09 15:15:00,753.675,20.65,752.664,0.1341418850970368
2021-08-09 15:30:00,753.675,20.093,752.703,0.13374951854798472
2021-08-09 15:45:00,753.558,19.727,752.5083333333333,0.134527737365767
2021-08-09 16:00:00,753.558,19.25,752.3333333333334,0.13628169113041178
2021-08-09 16:15:00,753.383,19.23,752.4110000000001,0.1337477575939353
2021-08-09 16:30:00,753.383,19.447,752.3136666666667,0.1347243576230844
2021-08-09 16:45:00,753.383,19.86,752.3333333333334,0.13452803043755224
2021-08-09 17:00:00,753.383,19.41,752.45,0.13335699641688173
2021-08-09 17:15:00,753.383,19.117,752.3526666666667,0.1343325123490622
2021-08-09 17:30:00,753.208,18.263,752.158,0.13452785354831065
2021-08-09 17:45:00,753.208,17.68,752.158,0.13452656847229896
2021-08-09 18:00:00,753.383,17.42,752.197,0.1358893623871787
2021-08-09 18:15:00,753.208,17.023,752.275,0.13335232116487086
2021-08-09 18:30:00,753.208,16.227,752.1776666666666,0.13432626139142015
2021-08-09 18:45:00,753.383,15.623,752.0413333333333,0.1374448216517888
2021-08-09 19:00:00,753.208,15.24,752.158,0.1345211901095742
2021-08-09 19:15:00,753.558,14.797,752.158,0.13802695150419392
2021-08-09 19:30:00,753.383,14.32,752.197,0.1358816441637619
2021-08-09 19:45:00,753.675,13.967,752.3333333333334,0.13744015746509797
2021-08-09 20:00:00,753.675,13.717,752.5083333333333,0.13568648115707266
2021-08-09 20:15:00,753.675,13.643,752.625,0.1345176699270859
2021-08-09 20:30:00,753.85,13.65,752.664,0.13587997603160407
2021-08-09 20:45:00,754.025,13.63,752.8003333333334,0.13626724255011657
2021-08-09 21:00:00,754.025,13.59,752.9753333333333,0.1345142141962484
2021-08-09 21:15:00,754.2,13.477,753.1306666666667,0.13471095596915547
2021-08-09 21:30:00,754.492,13.267,753.2663333333334,0.13627632534469014
2021-08-09 21:45:00,754.492,12.993,753.4413333333333,0.13452291414250336
2021-08-09 22:00:00,754.667,12.703,753.597,0.13471589503841092
2021-08-09 22:15:00,754.667,12.483,753.636,0.1343248395272033
2021-08-09 22:30:00,754.842,12.403,753.4996666666667,0.13744242855015146
2021-08-09 22:45:00,754.667,12.37,753.383,0.13685817645151613
2021-08-09 23:00:00,754.492,12.25,753.3246666666666,0.13568956417056738
2021-08-09 23:15:00,754.667,12.047,753.2663333333334,0.13802554491715832
2021-08-09 23:30:00,754.667,11.767,753.383,0.13685655107755187
2021-08-09 23:45:00,754.667,11.523,753.383,0.1368558933806244
2021-08-10 00:00:00,754.667,11.423,753.4413333333333,0.13627158069388626
2021-08-10 00:15:00,754.842,11.503,753.558,0.13685583947104019
2021-08-10 00:30:00,754.842,11.7,753.558,0.13685637048044474
2021-08-10 00:45:00,754.667,11.82,753.558,0.13510441867382125
2021-08-10 01:00:00,754.958,11.953,753.558,0.13801859299950034
2021-08-10 01:15:00,754.667,11.907,753.558,0.13510462121893085
2021-08-10 01:30:00,754.667,11.867,753.4996666666667,0.135688625604986
2021-08-10 01:45:00,754.842,11.667,753.383,0.13860850058546065
2021-08-10 02:00:00,754.667,11.33,753.383,0.13685537315313667
2021-08-10 02:15:00,754.667,11.137,753.383,0.13685485292564895
2021-08-10 02:30:00,754.842,11.067,753.2860000000001,0.13957777068591437
2021-08-10 02:45:00,754.667,11.013,753.189,0.13879671231950522
2021-08-10 03:00:00,754.842,10.94,753.4413333333333,0.13802228989928847
2021-08-10 03:15:00,754.842,10.907,753.558,0.13685423296543042
2021-08-10 03:30:00,754.958,10.887,753.558,0.13801546002973825
2021-08-10 03:45:00,755.133,10.7,753.597,0.13937635887997993
2021-08-10 04:00:00,754.958,10.523,753.675,0.13684318762267447
2021-08-10 04:15:00,755.308,10.363,753.636,0.140736624452154
2021-08-10 04:30:00,755.133,10.243,753.597,0.13937488528416753
2021-08-10 04:45:00,754.958,10.197,753.636,0.13723268376137288
2021-08-10 05:00:00,755.133,10.237,753.597,0.13937486593717657
2021-08-10 05:15:00,754.958,10.223,753.675,0.13684237960869602
2021-08-10 05:30:00,755.308,10.303,753.7916666666666,0.1391782190217672
2021-08-10 05:45:00,755.308,10.257,753.9666666666667,0.1374263715362056
2021-08-10 06:00:00,755.308,10.297,753.9083333333333,0.13801038942065114
2021-08-10 06:15:00,755.308,10.323,754.025,0.13684264894668885
2021-08-10 06:30:00,755.483,10.39,754.1223333333334,0.137620272700345
2021-08-10 06:45:00,755.483,10.523,754.317,0.1356719850101606
2021-08-10 07:00:00,755.6,10.673,754.3753333333333,0.1362596403344724
2021-08-10 07:15:00,755.6,10.653,754.3753333333333,0.1362595889160372
2021-08-10 07:30:00,755.6,10.713,754.2003333333333,0.13801161175189677
2021-08-10 07:45:00,755.775,10.72,754.3753333333333,0.13801163231996913
2021-08-10 08:00:00,755.775,10.793,754.492,0.13684391483525357
2021-08-10 08:15:00,755.95,10.887,754.5889999999999,0.1376250293574826
2021-08-10 08:30:00,756.125,10.967,754.7246666666666,0.13801903221969422
2021-08-10 08:45:00,755.775,11.117,754.608,0.13568345050759115
2021-08-10 09:00:00,755.95,11.15,754.608,0.1374355604762872
2021-08-10 09:15:00,756.125,11.223,754.6663333333333,0.13860380342899878
2021-08-10 09:30:00,756.125,11.463,754.7246666666666,0.13802049030880378
2021-08-10 09:45:00,755.95,11.74,754.608,0.13743722264648164
2021-08-10 10:00:00,755.95,11.993,754.608,0.13743793540759894
2021-08-10 10:15:00,755.95,12.187,754.608,0.13743848195169678
2021-08-10 10:30:00,756.125,12.8,754.7246666666666,0.1380244206820689
2021-08-10 10:45:00,756.125,14.073,754.8026666666666,0.13724677988170084
2021-08-10 11:00:00,756.125,14.55,754.5306666666667,0.13997319926469468
2021-08-10 11:15:00,756.125,15.133,754.6663333333333,0.13861577645095544
2021-08-10 11:30:00,756.125,15.38,754.7246666666666,0.1380320050971953
2021-08-10 11:45:00,755.775,15.507,754.608,0.13569420540666458
2021-08-10 12:00:00,755.658,15.173,754.608,0.13452104242502544
2021-08-10 12:15:00,755.658,14.85,754.511,0.13549220859987082
2021-08-10 12:30:00,755.658,14.723,754.3753333333333,0.13685116011979648
2021-08-10 12:45:00,755.658,14.75,754.492,0.13568233170787913
2021-08-10 13:00:00,755.658,14.95,754.3753333333333,0.1368517713581944
2021-08-10 13:15:00,755.658,15.213,754.2586666666667,0.13802149404362352
2021-08-10 13:30:00,755.658,15.69,754.4336666666667,0.13626919827369957
2021-08-10 13:45:00,755.658,16.05,754.278,0.13783019643669617
2021-08-10 14:00:00,755.308,16.77,754.1806666666668,0.13529970499638266
2021-08-10 14:15:00,755.133,16.73,754.142,0.13393309920732727
2021-08-10 14:30:00,755.133,17.01,754.0446666666667,0.13490934100364896
2021-08-10 14:45:00,755.133,17.117,753.9083333333333,0.13627620735429674
2021-08-10 15:00:00,755.017,16.863,754.025,0.13394339948730183
2021-08-10 15:15:00,755.133,16.87,754.025,0.13510615199970907
2021-08-10 15:30:00,755.133,16.75,754.025,0.13510587287905806
2021-08-10 15:45:00,755.133,16.233,753.9666666666667,0.1356893024968554
2021-08-10 16:00:00,755.133,15.91,753.9083333333333,0.1362731042517319
2021-08-10 16:15:00,755.133,15.683,754.064,0.13471256770074636
2021-08-10 16:30:00,755.775,15.473,754.2586666666667,0.1391946762309019
2021-08-10 16:45:00,755.95,14.83,754.5889999999999,0.13763629499738445
2021-08-10 17:00:00,755.95,14.16,754.8413333333333,0.1351065271342286
2021-08-10 17:15:00,756.125,13.41,754.8996666666667,0.13627335450690933
2021-08-10 17:30:00,756.125,13.013,754.7246666666666,0.13802504683727118
2021-08-10 17:45:00,755.658,12.927,754.5693333333332,0.13490335093561942
2021-08-10 18:00:00,755.658,13.437,754.4336666666667,0.13626340756353472
2021-08-10 18:15:00,755.483,13.797,754.2586666666667,0.13626433284345305
2021-08-10 18:30:00,755.308,14.08,754.142,0.13568069170611183
2021-08-10 18:45:00,755.133,13.947,754.1030000000001,0.1343179906844993
2021-08-10 19:00:00,755.133,13.41,753.9666666666667,0.13568239048413305
2021-08-10 19:15:00,755.133,13.073,753.85,0.13685005574148973
2021-08-10 19:30:00,755.133,12.813,753.9083333333333,0.13626514210703977
2021-08-10 19:45:00,755.133,12.603,753.9666666666667,0.1356804145740137
2021-08-10 20:00:00,755.133,12.543,753.9083333333333,0.13626444795816445
2021-08-10 20:15:00,755.308,12.463,754.025,0.13684841277973506
2021-08-10 20:30:00,755.133,12.437,754.025,0.1350958408176597
2021-08-10 20:45:00,755.308,12.437,754.025,0.13684834275185692
2021-08-10 21:00:00,755.308,12.47,754.025,0.13684843163339455
2021-08-10 21:15:00,755.308,12.497,754.064,0.13645794186842375
2021-08-10 21:30:00,755.308,12.417,754.2586666666667,0.1345082913503881
2021-08-10 21:45:00,755.775,12.237,754.492,0.1368478040758698
2021-08-10 22:00:00,755.775,12.08,754.5306666666667,0.13646019071873758
2021-08-10 22:15:00,756.125,11.953,754.608,0.13919014684303047
2021-08-10 22:30:00,755.95,11.773,754.608,0.13743731561532302
2021-08-10 22:45:00,755.775,11.747,754.5693333333332,0.13607215738747058
2021-08-10 23:00:00,755.483,11.9,754.4336666666667,0.13450715247823095
2021-08-10 23:15:00,755.483,12.073,754.317,0.1356757790440999
2021-08-10 23:30:00,755.483,11.873,754.3753333333333,0.13509119124634106
2021-08-10 23:45:00,755.6,11.537,754.492,0.13509374741277713
2021-08-11 00:00:00,755.6,11.363,754.492,0.13509334268783318
2021-08-11 00:15:00,755.775,11.303,754.492,0.13684528845901692
2021-08-11 00:30:00,755.6,11.417,754.5306666666667,0.1347063316128584
2021-08-11 00:45:00,755.775,11.443,754.511,0.1366554335406937
2021-08-11 01:00:00,755.483,11.53,754.317,0.13567444990833924
2021-08-11 01:15:00,755.483,11.57,754.3753333333333,0.1350904866787248
2021-08-11 01:30:00,755.6,11.37,754.492,0.13509335896987115
2021-08-11 01:45:00,755.6,11.223,754.492,0.13509301704707366
2021-08-11 02:00:00,755.483,11.357,754.4336666666667,0.1345059563320404
2021-08-11 02:15:00,755.483,11.57,754.2586666666667,0.1362586089590602
2021-08-11 02:30:00,755.308,11.667,754.1030000000001,0.13606527978442637
2021-08-11 02:45:00,754.958,11.713,753.9666666666667,0.13392599948635914
2021-08-11 03:00:00,755.308,11.693,753.9083333333333,0.138014491282235
2021-08-11 03:15:00,755.308,11.31,753.9666666666667,0.1374293366137205
2021-08-11 03:30:00,754.842,11.11,753.7916666666666,0.13451542373972972
2021-08-11 03:45:00,754.842,11.117,753.675,0.13568345050759262
2021-08-11 04:00:00,754.958,11.047,753.7333333333333,0.13626060185920932
2021-08-11 04:15:00,754.958,10.867,753.7916666666666,0.13567616404121813
2021-08-11 04:30:00,754.958,10.927,753.675,0.13684427574816543
2021-08-11 04:45:00,754.842,10.9,753.675,0.13568291888729672
2021-08-11 05:00:00,754.667,10.767,753.675,0.13393070463672538
2021-08-11 05:15:00,754.842,10.6,753.675,0.13568218392836234
2021-08-11 05:30:00,754.958,10.56,753.675,0.13684328727773182
2021-08-11 05:45:00,754.958,10.53,753.7333333333333,0.1362592726926592
2021-08-11 06:00:00,755.133,10.477,753.9083333333333,0.13625913643380735
2021-08-11 06:15:00,755.133,10.43,754.025,0.13509117252477157
2021-08-11 06:30:00,755.308,10.39,753.9666666666667,0.13742674604267235
2021-08-11 06:45:00,755.133,10.463,753.9083333333333,0.13625910044090273
2021-08-11 07:00:00,755.308,10.463,754.064,0.13645263006136324
2021-08-11 07:15:00,755.483,10.537,754.1030000000001,0.13781422521854006
2021-08-11 07:30:00,755.308,10.727,754.1223333333334,0.13586936159151547
2021-08-11 07:45:00,755.483,10.807,754.317,0.13567268017508882
2021-08-11 08:00:00,755.775,10.973,754.3753333333333,0.1380123757089238
2021-08-11 08:15:00,755.775,11.157,754.4336666666667,0.13742890579049186
2021-08-11 08:30:00,755.6,11.673,754.317,0.1368462850095918
2021-08-11 08:45:00,755.775,12.23,754.3753333333333,0.138016069147327
2021-08-11 09:00:00,755.6,13.027,754.492,0.13509721316086049
2021-08-11 09:15:00,755.775,13.3,754.492,0.1368506671387334
2021-08-11 09:30:00,755.775,13.41,754.492,0.1368509634105255
2021-08-11 09:45:00,755.775,13.57,754.5306666666667,0.1364640829081465
2021-08-11 10:00:00,755.95,13.85,754.6663333333333,0.13685882667306506
2021-08-11 10:15:00,755.95,14.193,754.783,0.13569098628653337
2021-08-11 10:30:00,756.125,14.763,754.783,0.13744573915579858
2021-08-11 10:45:00,755.95,15.697,754.783,0.13569467088065784
2021-08-11 11:00:00,756.125,16.877,754.783,0.13745169479612246
2021-08-11 11:15:00,755.775,18.037,754.7443333333333,0.13433351836863314
2021-08-11 11:30:00,755.658,18.413,754.6086666666666,0.1345214996239767
2021-08-11 11:45:00,755.775,18.957,754.4336666666667,0.13745086932763925
2021-08-11 12:00:00,755.483,19.117,754.317,0.13569302109253112
2021-08-11 12:15:00,755.483,18.93,754.278,0.136083652529706
2021-08-11 12:30:00,755.133,18.553,754.1416666666667,0.1339402341357342
2021-08-11 12:45:00,755.017,18.533,754.025,0.13394687724328322
2021-08-11 13:00:00,755.017,18.727,753.9276666666666,0.13492329136833658
2021-08-11 13:15:00,755.017,18.983,753.7719999999999,0.1364849081473109
2021-08-11 13:30:00,754.842,19.31,753.811,0.13433961561731658
2021-08-11 13:45:00,754.667,19.33,753.7719999999999,0.1329757465757084
2021-08-11 14:00:00,754.667,19.157,753.6943333333334,0.13375429423985216
2021-08-11 14:15:00,754.492,19.09,753.4413333333333,0.13453636196945937
2021-08-11 14:30:00,754.667,18.787,753.4413333333333,0.1362905284208493
2021-08-11 14:45:00,754.375,18.527,753.208,0.13570160399327091
2021-08-11 15:00:00,754.317,18.07,753.208,0.13511896932824594
2021-08-11 15:15:00,754.317,17.74,753.2663333333334,0.13453338434663
2021-08-11 15:30:00,754.492,17.253,753.383,0.13511706726669956
2021-08-11 15:45:00,754.492,16.71,753.2860000000001,0.13608806000509166
2021-08-11 16:00:00,754.025,16.22,753.092,0.1333507483842405
2021-08-11 16:15:00,754.025,15.857,752.9753333333333,0.13451920963788092
2021-08-11 16:30:00,753.85,15.737,752.742,0.13510351663556394
2021-08-11 16:45:00,753.675,15.783,752.6446666666667,0.13432530103668058
2021-08-11 17:00:00,753.558,15.87,752.45,0.135103825994284
2021-08-11 17:15:00,753.208,15.97,752.3526666666667,0.13257190564209534
2021-08-11 17:30:00,753.383,15.677,752.158,0.13627584559310832
2021-08-11 17:45:00,753.383,15.253,752.158,0.13627475522558324
2021-08-11 18:00:00,753.208,14.983,752.158,0.13452062361809047
2021-08-11 18:15:00,753.208,14.803,752.0996666666666,0.13510468390105249
2021-08-11 18:30:00,753.208,14.657,751.9246666666667,0.13685766170768782
2021-08-11 18:45:00,753.208,14.427,751.8663333333333,0.13744145307251357
2021-08-11 19:00:00,753.208,14.233,752.0413333333333,0.13568774492536317
2021-08-11 19:15:00,753.5,14.127,752.197,0.137053251455034
2021-08-11 19:30:00,753.675,14.027,752.3916666666667,0.13685596443748368
2021-08-11 19:45:00,753.675,14.013,752.664,0.13412779889425316
2021-08-11 20:00:00,753.85,14.173,752.742,0.13509987876307913
2021-08-11 20:15:00,753.85,14.347,752.742,0.13510028348802308
2021-08-11 20:30:00,754.025,14.287,752.8003333333334,0.1362689316457132
2021-08-11 20:45:00,754.2,14.127,752.917,0.13685289456393546
2021-08-11 21:00:00,754.317,14.1,753.014,0.1370531776001617
2021-08-11 21:15:00,754.667,13.777,753.2663333333334,0.13803063180145356
2021-08-11 21:30:00,754.492,13.247,753.4413333333333,0.1345234743767246
2021-08-11 21:45:00,754.667,12.757,753.597,0.1347160163349754
2021-08-11 22:00:00,754.842,12.757,753.675,0.1356874682831007
2021-08-11 22:15:00,754.958,12.86,753.8306666666666,0.13529045162338202
2021-08-11 22:30:00,755.483,12.717,754.142,0.13742996020306564
2021-08-11 22:45:00,755.6,12.813,754.2586666666667,0.13743356881838
2021-08-11 23:00:00,755.6,12.757,754.5306666666667,0.13470933968928467
2021-08-11 23:15:00,755.775,12.57,754.608,0.13568701015869677
2021-08-11 23:30:00,756.125,12.47,754.6663333333333,0.1386076219349783
2021-08-11 23:45:00,756.125,12.397,754.7246666666666,0.13802323598466737
2021-08-12 00:00:00,755.775,12.377,754.5693333333332,0.13607375193976368
2021-08-12 00:15:00,755.658,12.29,754.3753333333333,0.13684460882894972
2021-08-12 00:30:00,755.308,12.223,753.9863333333334,0.13723496847266908
2021-08-12 00:45:00,754.958,12.25,753.7333333333333,0.13626369467808716
2021-08-12 01:00:00,754.958,12.187,753.85,0.13509525931630195
2021-08-12 01:15:00,755.133,11.953,753.9083333333333,0.13626293111432577
2021-08-12 01:30:00,755.133,11.793,753.9666666666667,0.13567843131850355
2021-08-12 01:45:00,754.958,11.637,753.7526666666666,0.13606854143446578
2021-08-12 02:00:00,754.667,11.583,753.4996666666667,0.13568792964512932
2021-08-12 02:15:00,754.492,11.463,753.3246666666666,0.13568763557758426
2021-08-12 02:30:00,754.317,11.417,753.208,0.13510348044762394
2021-08-12 02:45:00,754.667,11.25,753.208,0.13860722337546189
2021-08-12 03:00:00,754.492,11.123,753.1693333333333,0.1372419280035615
2021-08-12 03:15:00,754.317,11.013,753.092,0.13626385155033396
2021-08-12 03:30:00,754.317,10.873,753.092,0.13626349152332098
2021-08-12 03:45:00,754.317,10.693,753.092,0.13626302863144713
2021-08-12 04:00:00,754.317,10.497,753.092,0.13626252459362892
2021-08-12 04:15:00,754.317,10.303,753.092,0.13626202569905377
2021-08-12 04:30:00,754.2,10.103,753.092,0.13509041192099905
2021-08-12 04:45:00,754.317,9.917,753.092,0.13626103305314652
2021-08-12 05:00:00,754.492,9.697,753.1306666666667,0.1376249655615078
2021-08-12 05:15:00,754.317,9.453,753.1693333333333,0.1354858853069062
2021-08-12 05:30:00,754.317,9.413,753.092,0.1362597369558997
2021-08-12 05:45:00,754.492,9.38,753.1306666666667,0.137624059631378
2021-08-12 06:00:00,754.492,9.317,753.208,0.13684994715348492
2021-08-12 06:15:00,754.492,9.257,753.208,0.13684978542473225
2021-08-12 06:30:00,754.667,9.21,753.3246666666666,0.13743343087610127
2021-08-12 06:45:00,754.842,9.197,753.558,0.13684962369597958
2021-08-12 07:00:00,754.958,9.35,753.558,0.13801094279284865
2021-08-12 07:15:00,754.958,9.667,753.597,0.13762154366621043
2021-08-12 07:30:00,754.958,9.897,753.7333333333333,0.13625764529918483
2021-08-12 07:45:00,754.958,10.07,753.9083333333333,0.13450645770990238
2021-08-12 08:00:00,755.133,10.27,753.9666666666667,0.13567470230845177
2021-08-12 08:15:00,755.133,10.613,753.9083333333333,0.1362594860791668
2021-08-12 08:30:00,755.308,10.873,754.064,0.13645370077960062
2021-08-12 08:45:00,755.483,11.31,754.1030000000001,0.13781646460755373
2021-08-12 09:00:00,755.308,11.94,753.9666666666667,0.13743111059172086
2021-08-12 09:15:00,755.308,12.443,753.9473333333334,0.13762613693929204
2021-08-12 09:30:00,755.308,12.787,754.142,0.1356775267474773
2021-08-12 09:45:00,755.483,13.087,754.2003333333333,0.13684675489504147
2021-08-12 10:00:00,755.483,13.557,754.317,0.1356794115256263
2021-08-12 10:15:00,755.483,14.797,754.317,0.13568244675277774
2021-08-12 10:30:00,755.658,16.44,754.278,0.13783132627073927
2021-08-12 10:45:00,755.308,17.07,754.2973333333333,0.13413094565367245
2021-08-12 11:00:00,755.483,17.253,754.492,0.13393418725094472
2021-08-12 11:15:00,755.658,17.52,754.492,0.1356891120136932
2021-08-12 11:30:00,755.308,17.79,754.3946666666667,0.13315665459496914
2021-08-12 11:45:00,755.483,17.957,754.2973333333333,0.13588735742104988
2021-08-12 12:00:00,755.308,17.903,754.3363333333333,0.13374170792270068
2021-08-12 12:15:00,755.308,17.957,754.0833333333334,0.13627836692857404
2021-08-12 12:30:00,755.133,18.07,754.2,0.13335437185144475
2021-08-12 12:45:00,755.133,18.353,754.0833333333334,0.13452470969183386
2021-08-12 13:00:00,754.842,18.813,753.85,0.133947460340093
2021-08-12 13:15:00,754.842,19.003,753.85,0.1339478560129292
2021-08-12 13:30:00,754.842,18.84,753.7916666666666,0.13453246797833376
2021-08-12 13:45:00,754.842,18.11,753.675,0.13570058240035357
2021-08-12 14:00:00,754.842,17.467,753.675,0.13569900713837083
2021-08-12 14:15:00,754.842,17.023,753.675,0.1356979193991479
2021-08-12 14:30:00,754.667,16.857,753.636,0.134334306440659
2021-08-12 14:45:00,754.842,16.743,753.558,0.13686996378210586
2021-08-12 15:00:00,754.842,16.777,753.4996666666667,0.13745475420824588
2021-08-12 15:15:00,754.317,16.957,753.383,0.13336221568075496
2021-08-12 15:30:00,754.317,17.177,753.3246666666666,0.13394739480451395
2021-08-12 15:45:00,754.317,16.983,753.208,0.1351164386784284
2021-08-12 16:00:00,754.317,16.683,753.2663333333334,0.13453105297823695
2021-08-12 16:15:00,754.667,16.233,753.4413333333333,0.13628395692510464
2021-08-12 16:30:00,754.667,15.897,753.558,0.13511391035671558
2021-08-12 16:45:00,754.667,15.24,753.597,0.13472159373070952
2021-08-12 17:00:00,754.958,14.2,753.675,0.1368530911806702
2021-08-12 17:15:00,754.842,13.737,753.636,0.13608053315650173
2021-08-12 17:30:00,754.667,13.63,753.558,0.13510863254334263
2021-08-12 17:45:00,754.667,13.777,753.4996666666667,0.13569330618007847
2021-08-12 18:00:00,754.317,13.823,753.2860000000001,0.13432773977046444
2021-08-12 18:15:00,754.2,13.843,753.0336666666667,0.1356834506688702
2021-08-12 18:30:00,754.025,13.743,752.9753333333333,0.1345145513389788
2021-08-12 18:45:00,754.025,13.617,753.0336666666667,0.13392996187998593
2021-08-12 19:00:00,754.025,13.37,752.917,0.13509801098071983
2021-08-12 19:15:00,754.317,13.2,753.014,0.13705071577113465
2021-08-12 19:30:00,754.492,13.107,753.2663333333334,0.13627591366132322
2021-08-12 19:45:00,754.667,12.873,753.383,0.13685953227755926
2021-08-12 20:00:00,754.667,12.723,753.4803333333333,0.1358843446319345
2021-08-12 20:15:00,754.958,12.697,753.7916666666666,0.1356806447295929
2021-08-12 20:30:00,755.133,12.577,754.064,0.1347055974224278
2021-08-12 20:45:00,755.483,12.297,754.2586666666667,0.1362604775104538
2021-08-12 21:00:00,755.95,12.14,754.5889999999999,0.13762860933384502
2021-08-12 21:15:00,756.125,12.147,754.8413333333333,0.13685423746366013
2021-08-12 21:30:00,755.95,12.187,754.997,0.13354312466465498
2021-08-12 21:45:00,756.592,12.25,755.1916666666667,0.13802280384938692
2021-08-12 22:00:00,756.417,12.223,755.3083333333333,0.13510201895084628
2021-08-12 22:15:00,756.592,12.04,755.1333333333333,0.13860630520877848
2021-08-12 22:30:00,756.767,11.667,755.25,0.1391892360439639
2021-08-12 22:45:00,756.592,11.343,755.1916666666667,0.13802013754530953
2021-08-12 23:00:00,756.3,11.0,755.075,0.1362638181192527
2021-08-12 23:15:00,756.417,10.7,755.075,0.1374342927193577
2021-08-12 23:30:00,756.417,10.43,755.1333333333333,0.1368496105273444
2021-08-12 23:45:00,756.417,10.203,755.25,0.13568121133270433
2021-08-13 00:00:00,756.417,10.043,755.3083333333333,0.1350969452080618
2021-08-13 00:15:00,756.592,9.843,755.3666666666667,0.13626417903689514
2021-08-13 00:30:00,756.417,9.68,755.25,0.13567993005429535
2021-08-13 00:45:00,756.417,9.62,755.3083333333333,0.13509596071576924
2021-08-13 01:00:00,756.767,9.493,755.425,0.1374308923135546
2021-08-13 01:15:00,756.592,9.387,755.3666666666667,0.13626300605839037
2021-08-13 01:30:00,756.592,9.363,755.3083333333333,0.13684673519767268
2021-08-13 01:45:00,756.942,9.363,755.4639999999999,0.13879159279835887
2021-08-13 02:00:00,756.767,9.303,755.4836666666666,0.13684323760503392
2021-08-13 02:15:00,756.767,9.25,755.367,0.13801064889324768
2021-08-13 02:30:00,756.767,9.25,755.328,0.13840094554098828
2021-08-13 02:45:00,756.417,9.157,755.1916666666667,0.1362624144244954
2021-08-13 03:00:00,756.417,9.053,755.075,0.1374296527290013
2021-08-13 03:15:00,756.417,8.947,755.075,0.1374293541018138
2021-08-13 03:30:00,756.417,8.76,755.075,0.1374288272783793
2021-08-13 03:45:00,756.417,8.67,755.075,0.1374285737269937
2021-08-13 04:00:00,756.417,8.683,755.075,0.13742861035108273
2021-08-13 04:15:00,756.417,8.65,755.075,0.13742851738224135
2021-08-13 04:30:00,756.417,8.65,755.075,0.13742851738224135
2021-08-13 04:45:00,756.417,8.637,755.0360000000001,0.1378187272183372
2021-08-13 05:00:00,756.3,8.657,754.997,0.13703828900527915
2021-08-13 05:15:00,756.242,8.643,755.075,0.13567738954624542
2021-08-13 05:30:00,756.417,8.583,755.0360000000001,0.13781857066641612
2021-08-13 05:45:00,756.417,8.483,754.997,0.1382085146073431
2021-08-13 06:00:00,756.417,8.433,755.075,0.1374279060416783
2021-08-13 06:15:00,756.417,8.457,755.075,0.13742797365538112
2021-08-13 06:30:00,756.592,8.427,755.1333333333333,0.1385952416465459
2021-08-13 06:45:00,756.767,8.4,755.4056666666667,0.13762125896409974
2021-08-13 07:00:00,757.058,8.443,755.717,0.13741792830182392
2021-08-13 07:15:00,757.058,8.677,755.717,0.1374185870441943
2021-08-13 07:30:00,757.058,8.847,755.717,0.13741906561771122
2021-08-13 07:45:00,757.233,9.237,755.717,0.13917148985744923
2021-08-13 08:00:00,757.408,10.137,755.7753333333334,0.14034212543422867
2021-08-13 08:15:00,757.408,10.423,755.9306666666668,0.1387882083236433
2021-08-13 08:30:00,757.408,10.497,756.008,0.1380143138212887
2021-08-13 08:45:00,757.408,10.607,756.0663333333333,0.1374306938979007
2021-08-13 09:00:00,757.408,11.53,756.183,0.13626518107866054
2021-08-13 09:15:00,757.758,11.833,756.2803333333334,0.13879591889010945
2021-08-13 09:30:00,757.7,11.887,756.436,0.13665661169183294
2021-08-13 09:45:00,757.758,12.067,756.3969999999999,0.13762840076379357
2021-08-13 10:00:00,757.583,12.483,756.475,0.13509594781390927
2021-08-13 10:15:00,757.758,13.71,756.475,0.13685177142450544
2021-08-13 10:30:00,757.875,15.603,756.4943333333333,0.13783558210179225
2021-08-13 10:45:00,757.758,16.803,756.572,0.1358878262117438
2021-08-13 11:00:00,757.933,17.653,756.65,0.13686239142156206
2021-08-13 11:15:00,757.933,18.277,756.65,0.13686407209063722
2021-08-13 11:30:00,757.758,18.807,756.7083333333334,0.13452571010229022
2021-08-13 11:45:00,757.758,19.137,756.7276666666667,0.13433255560828464
2021-08-13 12:00:00,757.758,19.447,756.533,0.1362855406062455
2021-08-13 12:15:00,757.583,19.257,756.4746666666666,0.13511504704595106
2021-08-13 12:30:00,757.583,18.76,756.358,0.13628377390226032
2021-08-13 12:45:00,757.408,18.353,756.2996666666667,0.1351129437044629
2021-08-13 13:00:00,757.408,18.427,756.1443333333333,0.1366706232491822
2021-08-13 13:15:00,757.292,18.88,756.1056666666667,0.13589634002891554
2021-08-13 13:30:00,757.408,18.793,756.1443333333333,0.13667159417171026
2021-08-13 13:45:00,757.117,18.533,756.0086666666667,0.13511336251139341
2021-08-13 14:00:00,757.117,18.567,755.9503333333333,0.1356983595993382
2021-08-13 14:15:00,757.117,18.693,756.0086666666667,0.13511373478422317
2021-08-13 14:30:00,756.942,19.137,755.8336666666667,0.13511476784132875
2021-08-13 14:45:00,757.117,19.29,755.7753333333334,0.13745514989610813
2021-08-13 15:00:00,756.942,19.137,755.8336666666667,0.13511476784132875
2021-08-13 15:15:00,756.592,18.977,755.6586666666667,0.1333594910050503
2021-08-13 15:30:00,756.475,18.747,755.542,0.13335569784457896
2021-08-13 15:45:00,756.3,18.593,755.503,0.1319916943019155
2021-08-13 16:00:00,756.475,19.063,755.425,0.13452961694592683
2021-08-13 16:15:00,756.475,19.07,755.3083333333333,0.1356995915285066
2021-08-13 16:30:00,756.592,18.95,755.1916666666667,0.13804249981114924
2021-08-13 16:45:00,756.767,19.417,755.5223333333333,0.13648269946957095
2021-08-13 17:00:00,756.767,18.74,755.717,0.1345289049741399
2021-08-13 17:15:00,756.767,18.09,755.717,0.13452747221357797
2021-08-13 17:30:00,756.942,17.34,755.717,0.13628012219969993
2021-08-13 17:45:00,756.942,16.697,755.7753333333334,0.13569377966386675
2021-08-13 18:00:00,756.942,16.03,755.892,0.1345229314647187
2021-08-13 18:15:00,756.942,15.507,755.892,0.1345217786435281
2021-08-13 18:30:00,756.942,15.18,755.892,0.1345210578547531
2021-08-13 18:45:00,757.117,14.743,755.9306666666668,0.13588603704036425
2021-08-13 19:00:00,757.233,14.14,756.0663333333333,0.13568751715317276
2021-08-13 19:15:00,757.583,13.663,756.2413333333333,0.13743930123759102
2021-08-13 19:30:00,757.408,13.333,756.358,0.1345169866105117
2021-08-13 19:45:00,757.758,12.987,756.4553333333333,0.13704679465447525
2021-08-13 20:00:00,757.875,12.737,756.7473333333334,0.13529349884146946
2021-08-13 20:15:00,758.225,12.537,756.942,0.13684861208984825
2021-08-13 20:30:00,758.05,12.363,757.0003333333333,0.13451151044376358
2021-08-13 20:45:00,758.4,12.147,757.1556666666667,0.1364603657366506
2021-08-13 21:00:00,758.517,11.973,757.3496666666666,0.13568888536465082
2021-08-13 21:15:00,758.867,11.973,757.6803333333334,0.13588247627017458
2021-08-13 21:30:00,759.042,11.993,757.875,0.1356855965876811
2021-08-13 21:45:00,759.217,11.98,757.9723333333334,0.13646326727710226
2021-08-13 22:00:00,759.508,11.92,758.128,0.13781823178388056
2021-08-13 22:15:00,759.683,11.86,758.0889999999999,0.13996085825611188
2021-08-13 22:30:00,759.333,11.76,758.128,0.13606551504056322
2021-08-13 22:45:00,759.333,11.673,758.0889999999999,0.13645578998591743
2021-08-13 23:00:00,759.508,11.59,758.128,0.13781727577045946
2021-08-13 23:15:00,759.508,11.517,758.0889999999999,0.13820754654034004
2021-08-13 23:30:00,759.508,11.45,758.167,0.13742639342279686
2021-08-13 23:45:00,759.508,11.377,758.167,0.13742618791769842
2021-08-14 00:00:00,759.508,11.303,758.2253333333333,0.1368419511536247
2021-08-14 00:15:00,759.508,11.243,758.342,0.135673747400121
2021-08-14 00:30:00,759.508,11.117,758.2836666666667,0.1362574446484959
2021-08-14 00:45:00,759.683,11.067,758.2253333333333,0.1385933143122333
2021-08-14 01:00:00,759.508,11.04,758.2836666666667,0.13625724674140194
2021-08-14 01:15:00,759.508,10.907,758.128,0.13781529711237883
2021-08-14 01:30:00,759.333,10.62,758.05,0.1368434488805275
2021-08-14 01:45:00,759.333,10.29,757.9333333333333,0.1380103688525773
2021-08-14 02:00:00,759.042,10.0,757.6610000000001,0.13782267870478995
2021-08-14 02:15:00,759.042,9.79,757.5246666666667,0.13918659477366854
2021-08-14 02:30:00,759.042,9.58,757.408,0.14035356075500136
2021-08-14 02:45:00,759.042,9.407,757.4663333333333,0.1397691710623688
2021-08-14 03:00:00,758.867,9.263,757.5246666666667,0.13743358022678087
2021-08-14 03:15:00,758.867,9.157,757.408,0.13860081282263684
2021-08-14 03:30:00,758.692,9.097,757.408,0.1368493541480585
2021-08-14 03:45:00,758.692,9.007,757.3496666666666,0.1374328588348134
2021-08-14 04:00:00,758.692,9.007,757.2913333333333,0.13801660611469732
2021-08-14 04:15:00,758.692,8.947,757.4663333333333,0.136265209893783
2021-08-14 04:30:00,758.867,8.887,757.583,0.1368487880974227
2021-08-14 04:45:00,759.158,8.813,757.583,0.13976053512098163
2021-08-14 05:00:00,759.042,8.723,757.583,0.13859948354412643
2021-08-14 05:15:00,759.042,8.643,757.583,0.1385992385158293
2021-08-14 05:30:00,759.158,8.577,757.5246666666667,0.14034344944040894
2021-08-14 05:45:00,759.042,8.523,757.5053333333334,0.13937600986687187
2021-08-14 06:00:00,759.158,8.49,757.6610000000001,0.1389789983133089
2021-08-14 06:15:00,759.158,8.433,757.583,0.13975927870018118
2021-08-14 06:30:00,759.333,8.353,757.6803333333334,0.14053612536649568
2021-08-14 06:45:00,759.158,8.34,757.7776666666666,0.13781119571876876
2021-08-14 07:00:00,759.333,8.38,757.7386666666666,0.13995254854208483
2021-08-14 07:15:00,759.333,8.543,758.05,0.13683785473041676
2021-08-14 07:30:00,759.508,8.807,758.05,0.1385897341474689
2021-08-14 07:45:00,759.508,9.143,758.0889999999999,0.13820047467352461
2021-08-14 08:00:00,759.508,10.337,758.2253333333333,0.13683935002458322
2021-08-14 08:15:00,759.8,10.847,758.4003333333334,0.1380120054835946
2021-08-14 08:30:00,759.975,10.62,758.5556666666668,0.13820821131028355
2021-08-14 08:45:00,759.975,10.553,758.633,0.1374338785854279
2021-08-14 09:00:00,760.15,11.21,758.6913333333333,0.13860376362099738
2021-08-14 09:15:00,760.15,11.477,758.7496666666667,0.1380205314645433
2021-08-14 09:30:00,759.975,11.623,758.633,0.13743689302967887
2021-08-14 09:45:00,759.975,11.847,758.6526666666667,0.13724060061316945
2021-08-14 10:00:00,760.15,12.18,758.692,0.13860005807216383
2021-08-14 10:15:00,760.325,13.167,758.7306666666667,0.1399685704236311
2021-08-14 10:30:00,760.325,14.77,758.7693333333333,0.13958652674526914
2021-08-14 10:45:00,760.15,16.16,758.692,0.13861223987479995
2021-08-14 11:00:00,760.15,17.36,758.692,0.1386159127801174
2021-08-14 11:15:00,760.033,17.553,758.6336666666667,0.1380283680194395
2021-08-14 11:30:00,760.033,17.293,758.5753333333333,0.13861236621261017
2021-08-14 11:45:00,760.033,17.513,758.6336666666667,0.13802825051557938
2021-08-14 12:00:00,759.858,17.817,758.5753333333333,0.13685949127223224
2021-08-14 12:15:00,759.858,17.5,758.6336666666667,0.13627385037551717
2021-08-14 12:30:00,759.683,17.26,758.4196666666667,0.13666418596495655
2021-08-14 12:45:00,759.858,17.117,758.225,0.14036939026366213
2021-08-14 13:00:00,759.858,17.077,758.225,0.14036925313850476
2021-08-14 13:15:00,759.683,17.097,758.225,0.13861510780170347
2021-08-14 13:30:00,759.683,17.057,758.1666666666666,0.13919971843966
2021-08-14 13:45:00,759.508,16.963,758.05,0.1386146976606097
2021-08-14 14:00:00,759.508,17.123,758.05,0.1386151873813187
2021-08-14 14:15:00,759.392,17.81,758.05,0.13745432327882132
2021-08-14 14:30:00,759.392,18.46,758.011,0.13784720517242915
2021-08-14 14:45:00,759.042,18.753,757.8746666666667,0.13570550018094765
2021-08-14 15:00:00,759.042,18.56,757.6996666666666,0.13745977859059208
2021-08-14 15:15:00,759.042,18.13,757.5246666666667,0.13921316027476235
2021-08-14 15:30:00,758.867,17.83,757.408,0.13862737695289895
2021-08-14 15:45:00,758.692,17.74,757.3693333333333,0.13726030110641746
2021-08-14 16:00:00,758.575,18.367,757.1946666666666,0.13784025105822154
2021-08-14 16:15:00,758.692,18.467,757.039,0.14057455734657542
2021-08-14 16:30:00,758.225,18.427,757.0586666666667,0.13569467442597793
2021-08-14 16:45:00,758.225,19.137,756.903,0.137257494513896
2021-08-14 17:00:00,758.05,18.587,756.825,0.13628332901173562
2021-08-14 17:15:00,758.05,17.923,756.825,0.1362816214550454
2021-08-14 17:30:00,758.05,17.817,756.825,0.13628134886316415
2021-08-14 17:45:00,758.225,16.903,756.825,0.13803314102982145
2021-08-14 18:00:00,757.875,16.287,756.7083333333334,0.1356927755068917
2021-08-14 18:15:00,757.875,15.79,756.5333333333333,0.1374452920136109
2021-08-14 18:30:00,757.875,15.4,756.5916666666667,0.13685966340889683
2021-08-14 18:45:00,757.875,14.99,756.5333333333333,0.13744303878332548
2021-08-14 19:00:00,757.875,14.577,756.7083333333334,0.13568858743755685
2021-08-14 19:15:00,757.875,14.16,756.7666666666667,0.13510318782961636
2021-08-14 19:30:00,758.225,13.81,756.7083333333334,0.13919272160804438
2021-08-14 19:45:00,758.05,13.53,756.825,0.13627032432170186
2021-08-14 20:00:00,758.225,13.207,756.825,0.13802227850051502
2021-08-14 20:15:00,758.4,12.813,756.9223333333333,0.13879895888963062
2021-08-14 20:30:00,758.4,12.47,757.117,0.13684843163339455
2021-08-14 20:45:00,758.517,12.16,757.1556666666667,0.1376320043814122
2021-08-14 21:00:00,758.867,11.92,757.3496666666666,0.1391933794879752
2021-08-14 21:15:00,759.042,11.727,757.622,0.13821818491192084
2021-08-14 21:30:00,759.158,11.537,757.7,0.13859809000706455
2021-08-14 21:45:00,759.158,11.377,757.7583333333333,0.13801356278061575
2021-08-14 22:00:00,759.333,11.243,757.8166666666667,0.13918121124160865
2021-08-14 22:15:00,759.333,11.123,757.7583333333333,0.139764835657465
2021-08-14 22:30:00,759.333,11.0,757.7776666666666,0.13957087764474538
2021-08-14 22:45:00,759.158,10.947,757.622,0.13937715533110978
2021-08-14 23:00:00,759.217,10.827,757.7583333333333,0.13860259081603335
2021-08-14 23:15:00,759.333,10.68,757.875,0.13859546694051852
2021-08-14 23:30:00,759.333,10.483,757.875,0.13859486397189558
2021-08-14 23:45:00,759.508,10.297,757.875,0.14034601042433203
2021-08-15 00:00:00,759.333,10.21,757.7776666666666,0.13956829822788688
2021-08-15 00:15:00,759.333,10.103,757.6803333333334,0.14054219684244956
2021-08-15 00:30:00,759.158,10.03,757.8166666666667,0.13742573234095787
2021-08-15 00:45:00,759.042,9.977,757.7,0.13743225585656008
2021-08-15 01:00:00,759.158,9.95,757.7,0.13859323258978226
2021-08-15 01:15:00,759.042,9.937,757.6026666666667,0.13840635722686187
2021-08-15 01:30:00,758.867,10.003,757.408,0.13860340399687895
2021-08-15 01:45:00,758.692,10.097,757.311,0.137822959918426
2021-08-15 02:00:00,758.517,10.143,757.1556666666667,0.13762624015090177
2021-08-15 02:15:00,758.692,9.99,757.1943333333332,0.13899038502622044
2021-08-15 02:30:00,758.517,9.877,756.9613333333333,0.13957054726223786
2021-08-15 02:45:00,758.225,9.843,756.65,0.139763940682625
2021-08-15 03:00:00,758.225,9.703,756.689,0.13937314405498
2021-08-15 03:15:00,758.05,9.533,756.6696666666667,0.1378146526869499
2021-08-15 03:30:00,758.05,9.363,756.475,0.13976235362477177
2021-08-15 03:45:00,757.875,9.277,756.4166666666666,0.13859450858972805
2021-08-15 04:00:00,757.875,9.15,756.3583333333333,0.13917788457644753
2021-08-15 04:15:00,757.875,9.02,756.4166666666666,0.13859372179600066
2021-08-15 04:30:00,757.583,8.86,756.2026666666667,0.1378127025280353
2021-08-15 04:45:00,757.408,8.773,756.008,0.13800924699214254
2021-08-15 05:00:00,757.7,8.787,756.008,0.14093122537831707
2021-08-15 05:15:00,757.7,8.82,756.008,0.14093134259387566
2021-08-15 05:30:00,757.408,8.84,755.9496666666666,0.13859317073424757
2021-08-15 05:45:00,757.408,8.827,755.8913333333334,0.1391768561727553
2021-08-15 06:00:00,757.583,8.697,756.008,0.13976015158200045
2021-08-15 06:15:00,757.7,8.55,756.008,0.14093038355748722
2021-08-15 06:30:00,757.875,8.443,756.008,0.14268103813534896
2021-08-15 06:45:00,757.7,8.42,756.0663333333333,0.14034624640228813
2021-08-15 07:00:00,757.7,8.413,756.222,0.13878864519527462
2021-08-15 07:15:00,757.7,8.523,756.3,0.1380085122431379
2021-08-15 07:30:00,757.875,8.753,756.3,0.13976033673875
2021-08-15 07:45:00,757.875,9.02,756.3,0.13976121953968085
2021-08-15 08:00:00,758.05,9.917,756.3583333333333,0.14093190278767703
2021-08-15 08:15:00,757.758,10.343,756.3776666666666,0.137816999832155
2021-08-15 08:30:00,757.7,10.33,756.222,0.13879459314802464
2021-08-15 08:45:00,757.7,10.483,756.3,0.13801427267534586
2021-08-15 09:00:00,757.758,11.107,756.2026666666667,0.1395712270088009
2021-08-15 09:15:00,757.408,11.503,755.9110000000001,0.13898846704684284
2021-08-15 09:30:00,757.233,11.713,755.814,0.13820813040129026
2021-08-15 09:45:00,757.408,12.1,755.9110000000001,0.1389903431948414
2021-08-15 10:00:00,757.408,12.537,755.717,0.1409345308214619
2021-08-15 10:15:00,757.233,14.033,755.717,0.1391867531890199
2021-08-15 10:30:00,757.233,16.14,755.717,0.1391934587435694
2021-08-15 10:45:00,757.233,17.54,755.717,0.1391979142615425
2021-08-15 11:00:00,756.942,18.52,755.678,0.1366742123145734
2021-08-15 11:15:00,756.767,19.297,755.6,0.13570349038786922
2021-08-15 11:30:00,756.592,19.933,755.4833333333333,0.1351199632429861
2021-08-15 11:45:00,756.592,20.573,755.3083333333333,0.13687694367530776
2021-08-15 12:00:00,756.592,20.217,755.3666666666667,0.13629086429787837
2021-08-15 12:15:00,756.475,19.467,755.211,0.1366767251729671
2021-08-15 12:30:00,756.475,18.627,755.133,0.13745662496195352
2021-08-15 12:45:00,756.475,18.347,755.1136666666667,0.13764968573697395
2021-08-15 13:00:00,756.125,17.76,755.0360000000001,0.13491773819079428
2021-08-15 13:15:00,756.3,17.447,754.8413333333333,0.13862286227520293
2021-08-15 13:30:00,755.95,16.823,754.5693333333332,0.13783911816185818
2021-08-15 13:45:00,755.775,17.15,754.3753333333333,0.13803052556494347
2021-08-15 14:00:00,755.483,17.21,754.1030000000001,0.13783355696871888
2021-08-15 14:15:00,755.308,17.11,753.9666666666667,0.13744566847467626
2021-08-15 14:30:00,755.133,17.293,753.85,0.13686142180478644
2021-08-15 14:45:00,755.017,18.673,753.7916666666666,0.1362868926338199
2021-08-15 15:00:00,754.842,19.25,753.5193333333333,0.13726449385015702
2021-08-15 15:15:00,754.317,19.203,753.1693333333333,0.13550937575745245
2021-08-15 15:30:00,754.317,18.74,753.0336666666667,0.1368686616350584
2021-08-15 15:45:00,754.317,17.287,752.9753333333333,0.13744950837078396
2021-08-15 16:00:00,754.2,17.727,753.092,0.13510814538635985
2021-08-15 16:15:00,754.2,17.327,753.0336666666667,0.13569198111602737
2021-08-15 16:30:00,753.85,16.977,752.8586666666666,0.1339369543393303
2021-08-15 16:45:00,753.85,16.467,752.703,0.1354961021377191
2021-08-15 17:00:00,753.675,15.997,752.7223333333334,0.13354740642374982
2021-08-15 17:15:00,754.2,15.433,752.8586666666666,0.13744094631419254
2021-08-15 17:30:00,754.025,14.543,752.8586666666666,0.13568516459338514
2021-08-15 17:45:00,754.317,13.947,753.3446666666666,0.13374031677239182
2021-08-15 18:00:00,754.958,13.343,754.1026666666667,0.13256718863604786
2021-08-15 18:15:00,755.95,12.007,754.7636666666666,0.13587922317121853
2021-08-15 18:30:00,756.3,11.15,755.1916666666667,0.1350961844470064
2021-08-15 18:45:00,756.767,10.84,755.3666666666667,0.13801865887832948
2021-08-15 19:00:00,756.417,10.687,754.8416666666667,0.13977006813369117
2021-08-15 19:15:00,755.133,10.747,753.9666666666667,0.13567587022558553
2021-08-15 19:30:00,755.133,10.66,754.0056666666667,0.1352852451219486
2021-08-15 19:45:00,755.775,10.62,754.414,0.13762426650537515
2021-08-15 20:00:00,756.125,10.58,754.6663333333333,0.13860183446400692
2021-08-15 20:15:00,755.95,10.463,754.783,0.13568184829711563
2021-08-15 20:30:00,756.125,10.417,754.783,0.13743349544111189
2021-08-15 20:45:00,756.3,10.417,754.8803333333334,0.13821094314051052
2021-08-15 21:00:00,756.417,10.337,755.1333333333333,0.13684935991285554
2021-08-15 21:15:00,756.592,10.297,755.25,0.13743315737259776
2021-08-15 21:30:00,756.767,10.303,755.3083333333333,0.13860098624736342
2021-08-15 21:45:00,756.417,10.197,755.2693333333333,0.13548767780897716
2021-08-15 22:00:00,756.417,10.137,755.0553333333334,0.13762955949343167
2021-08-15 22:15:00,756.417,10.11,755.25,0.13568098349543464
2021-08-15 22:30:00,756.417,10.103,755.1916666666667,0.13626484784042853
2021-08-15 22:45:00,756.125,10.063,755.0360000000001,0.13490014193246289
2021-08-15 23:00:00,756.3,10.003,754.8996666666667,0.13801619835295706
2021-08-15 23:15:00,756.125,9.93,754.783,0.13743212344639205
2021-08-15 23:30:00,755.775,9.81,754.686,0.13489956354434313
2021-08-15 23:45:00,755.6,9.75,754.492,0.13508959084108252
2021-08-16 00:00:00,755.483,9.797,754.3753333333333,0.13508636391178233
2021-08-16 00:15:00,755.308,9.89,754.1030000000001,0.1360607846214962
2021-08-16 00:30:00,755.133,9.99,753.9666666666667,0.1356740167386458
2021-08-16 00:45:00,754.958,10.017,753.7916666666666,0.13567408284716428
2021-08-16 01:00:00,754.667,9.977,753.636,0.13431941563943012
2021-08-16 01:15:00,754.667,9.91,753.4413333333333,0.1362676877130477
2021-08-16 01:30:00,754.2,9.83,753.111,0.13489960926672562
2021-08-16 01:45:00,754.142,9.763,752.8196666666666,0.13723481552978245
2021-08-16 02:00:00,753.675,9.717,752.5666666666667,0.1350928502784748
2021-08-16 02:15:00,753.85,9.737,752.45,0.1380120801843116
2021-08-16 02:30:00,753.675,9.703,752.45,0.13626048272613944
2021-08-16 02:45:00,753.675,9.58,752.3916666666667,0.1368439838651063
2021-08-16 03:00:00,753.85,9.487,752.3333333333334,0.13917895755491427
2021-08-16 03:15:00,753.675,9.357,752.5083333333333,0.13567580280485045
2021-08-16 03:30:00,753.85,9.277,752.625,0.1362593872153728
2021-08-16 03:45:00,754.025,9.197,752.625,0.1380104931264569
2021-08-16 04:00:00,754.142,9.09,752.625,0.13918102929852863
2021-08-16 04:15:00,754.025,8.913,752.625,0.13800965845158597
2021-08-16 04:30:00,754.025,8.867,752.625,0.13800952325776883
2021-08-16 04:45:00,753.85,8.8,752.625,0.1362581605519071
2021-08-16 05:00:00,753.85,8.827,752.5666666666667,0.13684195522310189
2021-08-16 05:15:00,754.025,8.743,752.5083333333333,0.1391765887241171
2021-08-16 05:30:00,754.025,8.583,752.5083333333333,0.1391760792981395
2021-08-16 05:45:00,753.85,8.47,752.275,0.13975940103589218
2021-08-16 06:00:00,753.85,8.427,752.236,0.14014948812901767
2021-08-16 06:15:00,753.85,8.477,752.2553333333334,0.13995620852474888
2021-08-16 06:30:00,754.025,8.603,752.45,0.13975984078317086
2021-08-16 06:45:00,753.85,8.683,752.3916666666667,0.13859269008593939
2021-08-16 07:00:00,753.85,8.827,752.3333333333334,0.1391768561727568
2021-08-16 07:15:00,754.025,8.913,752.5083333333333,0.13917712998921825
2021-08-16 07:30:00,754.142,9.197,752.625,0.13918137005202555
2021-08-16 07:45:00,753.85,9.627,752.625,0.1362602872829053
2021-08-16 08:00:00,754.025,10.103,752.7223333333334,0.13703890787823542
2021-08-16 08:15:00,754.025,10.097,752.8196666666666,0.136064644717602
2021-08-16 08:30:00,754.025,10.003,752.664,0.13762250365987186
2021-08-16 08:45:00,753.85,10.0,752.8003333333334,0.13450630346159437
2021-08-16 09:00:00,754.2,10.177,752.917,0.13684225571321934
2021-08-16 09:15:00,754.142,10.457,752.917,0.1362624217287666
2021-08-16 09:30:00,754.2,10.74,752.917,0.13684377208611886
2021-08-16 09:45:00,754.2,10.933,752.917,0.136844291908445
2021-08-16 10:00:00,754.317,11.217,752.9753333333333,0.13743241198599332
2021-08-16 10:15:00,754.317,11.867,753.092,0.13626604771511325
2021-08-16 10:30:00,754.317,13.32,753.092,0.13626978428118386
2021-08-16 10:45:00,754.492,14.127,753.092,0.138024982376859
2021-08-16 11:00:00,754.2,14.483,753.092,0.1351005998247609
2021-08-16 11:15:00,754.025,15.603,753.0336666666667,0.13393409492291808
2021-08-16 11:30:00,753.85,16.467,752.878,0.13374211968427455
2021-08-16 11:45:00,753.85,16.99,752.7416666666667,0.13510977240529434
2021-08-16 12:00:00,753.675,17.473,752.5666666666667,0.1351108962038977
2021-08-16 12:15:00,753.558,17.527,752.45,0.13510768018527333
2021-08-16 12:30:00,753.558,17.163,752.3526666666667,0.13608252406912882
2021-08-16 12:45:00,753.208,16.387,752.158,0.13452371838090424
2021-08-16 13:00:00,753.383,15.657,752.158,0.1362757941606779
2021-08-16 13:15:00,753.383,15.053,752.197,0.13588346915013755
2021-08-16 13:30:00,753.383,13.777,752.275,0.1350989576649293
2021-08-16 13:45:00,753.383,11.013,752.236,0.13548296957406758
2021-08-16 14:00:00,753.383,10.317,752.158,0.1362620617017536
2021-08-16 14:15:00,753.5,10.72,752.158,0.13743434906411006
2021-08-16 14:30:00,753.383,10.907,752.0996666666666,0.13684755890885522
2021-08-16 14:45:00,753.033,10.867,751.886,0.13548261802395883
2021-08-16 15:00:00,752.858,10.853,751.6336666666667,0.13625676610988655
2021-08-16 15:15:00,752.567,10.833,751.4586666666667,0.1350954468814639
2021-08-16 15:30:00,752.392,11.08,751.303,0.1349024669155387
2021-08-16 15:45:00,752.392,11.363,751.225,0.13568405317391735
2021-08-16 16:00:00,752.217,11.543,751.1666666666666,0.13451637848168516
2021-08-16 16:15:00,752.217,11.753,751.1083333333333,0.1351009250705197
2021-08-16 16:30:00,752.392,12.167,751.264,0.1352954873954033
2021-08-16 16:45:00,752.217,12.517,751.2446666666666,0.13373739785250924
2021-08-16 17:00:00,752.217,12.637,750.9526666666667,0.1366619400508714
2021-08-16 17:15:00,752.217,12.787,750.758,0.1386119309816204
2021-08-16 17:30:00,751.925,13.06,750.797,0.13529760201144003
2021-08-16 17:45:00,752.217,12.77,750.9916666666667,0.13627170822128862
2021-08-16 18:00:00,752.392,12.63,751.264,0.13529658377527454
2021-08-16 18:15:00,752.858,12.59,751.342,0.13918216082299478
2021-08-16 18:30:00,752.392,12.257,751.2446666666666,0.13548930294658998
2021-08-16 18:45:00,752.392,12.007,751.05,0.1374379748489256
2021-08-16 19:00:00,752.392,11.827,750.9916666666667,0.13802156035806967
2021-08-16 19:15:00,751.925,11.637,750.836,0.1349037402838483
2021-08-16 19:30:00,752.1,11.477,750.758,0.1374364817129867
2021-08-16 19:45:00,751.925,11.377,750.6996666666666,0.13626812497774227
2021-08-16 20:00:00,752.1,11.23,750.6803333333334,0.1382133661097123
2021-08-16 20:15:00,752.392,11.073,751.0306666666667,0.13762889792699234
2021-08-16 20:30:00,752.567,10.86,751.303,0.13665388655395347
2021-08-16 20:45:00,752.567,10.593,751.264,0.13704358467305292
2021-08-16 21:00:00,752.742,10.303,751.4586666666667,0.1368459316847215
2021-08-16 21:15:00,753.208,10.017,751.789,0.13820307821674144
2021-08-16 21:30:00,753.208,9.723,751.983,0.13626053415857137
2021-08-16 21:45:00,753.5,9.553,752.0413333333333,0.1385986896318971
2021-08-16 22:00:00,753.208,9.473,752.158,0.1345084782170194
2021-08-16 22:15:00,753.5,9.37,752.0996666666666,0.1380143375255264
2021-08-16 22:30:00,753.383,9.27,751.983,0.13801070767316817
2021-08-16 22:45:00,753.208,9.257,751.983,0.1362593357829424
2021-08-16 23:00:00,753.383,9.237,751.9246666666667,0.13859438613156036
2021-08-16 23:15:00,753.383,9.11,751.8663333333333,0.13917775721995462
2021-08-16 23:30:00,753.383,8.993,752.0413333333333,0.13742614800579836
2021-08-16 23:45:00,753.208,8.8,752.0996666666666,0.1350907166898207
2021-08-17 00:00:00,753.383,8.753,751.9246666666667,0.13859290438773136
2021-08-17 00:15:00,753.5,8.787,751.8663333333333,0.14034750503923155
2021-08-17 00:30:00,753.383,8.657,751.983,0.1380089060686052
2021-08-17 00:45:00,753.383,8.583,751.9246666666667,0.1385923839405187
2021-08-17 01:00:00,753.383,8.47,751.7693333333333,0.14014629850047683
2021-08-17 01:15:00,753.208,8.373,751.692,0.13916874016635727
2021-08-17 01:30:00,753.033,8.287,751.692,0.13741748914024368
2021-08-17 01:45:00,753.208,8.2,751.6336666666667,0.1397518380477774
2021-08-17 02:00:00,752.858,8.127,751.4586666666667,0.13800067823480647
2021-08-17 02:15:00,753.033,7.983,751.4003333333334,0.1403347427517894
2021-08-17 02:30:00,752.858,7.807,751.4196666666667,0.13838991671032388
2021-08-17 02:45:00,752.742,7.727,751.264,0.13878651671557082
2021-08-17 03:00:00,752.742,7.66,751.4003333333334,0.1374223935608338
2021-08-17 03:15:00,752.742,7.64,751.4196666666667,0.13722892218427835
2021-08-17 03:30:00,752.858,7.587,751.264,0.13994655970036754
2021-08-17 03:45:00,752.567,7.49,751.303,0.13664494428067814
2021-08-17 04:00:00,752.567,7.423,751.1666666666666,0.13800861393783215
2021-08-17 04:15:00,752.392,7.377,751.05,0.13742493103875544
2021-08-17 04:30:00,752.567,7.29,750.8943333333333,0.14073250721368882
2021-08-17 04:45:00,752.392,7.263,750.7386666666666,0.14053901266104896
2021-08-17 05:00:00,752.567,7.263,750.9916666666667,0.1397587447250234
2021-08-17 05:15:00,752.392,7.277,750.875,0.13917525559675362
2021-08-17 05:30:00,752.392,7.27,750.9333333333333,0.13859169873442362
2021-08-17 05:45:00,752.567,7.127,751.05,0.13917477790493699
2021-08-17 06:00:00,752.567,7.1,751.05,0.13917469192040974
2021-08-17 06:15:00,752.742,7.107,751.05,0.14092525804078898
2021-08-17 06:30:00,752.742,6.94,751.1473333333333,0.13995106317682363
2021-08-17 06:45:00,753.208,6.973,751.4003333333334,0.14208177564823687
2021-08-17 07:00:00,753.208,7.067,751.4586666666667,0.14149862264874533
2021-08-17 07:15:00,752.858,7.277,751.342,0.13916525213228692
2021-08-17 07:30:00,753.033,7.483,751.342,0.1409165896908406
2021-08-17 07:45:00,753.033,7.863,751.342,0.14091793864803015
2021-08-17 08:00:00,753.208,8.233,751.4586666666667,0.14150290460360843
2021-08-17 08:15:00,753.383,8.94,751.7306666666667,0.1405348262611428
2021-08-17 08:30:00,753.383,8.94,751.808,0.13976095503003863
2021-08-17 08:45:00,753.208,9.23,751.7693333333333,0.13839754926883793
2021-08-17 09:00:00,753.033,9.68,751.692,0.13742141062794416
2021-08-17 09:15:00,753.033,9.963,751.692,0.13742220731209293
2021-08-17 09:30:00,753.033,10.323,751.6336666666667,0.13800712919672456
2021-08-17 09:45:00,752.858,10.62,751.517,0.13742405685797743
2021-08-17 10:00:00,753.033,11.217,751.517,0.13917779123286683
2021-08-17 10:15:00,753.033,12.913,751.5753333333333,0.13859896317315454
2021-08-17 10:30:00,753.033,14.823,751.7306666666667,0.13704847573237558
2021-08-17 10:45:00,753.033,16.05,751.7693333333333,0.13666431755833727
2021-08-17 11:00:00,752.742,16.89,751.692,0.13452482711715447
2021-08-17 11:15:00,752.742,17.52,751.6336666666667,0.13511100555903996
2021-08-17 11:30:00,752.742,17.95,751.5753333333333,0.13569684846554897
2021-08-17 11:45:00,752.392,18.043,751.5946666666666,0.13199411610305145
2021-08-17 12:00:00,752.567,18.283,751.4,0.13570100622667242
2021-08-17 12:15:00,752.567,17.797,751.3416666666667,0.13628463928037504
2021-08-17 12:30:00,752.217,17.347,751.1276666666666,0.13492013555837534
2021-08-17 12:45:00,752.1,17.117,750.972,0.13530720895126203
2021-08-17 13:00:00,752.1,17.24,751.011,0.13491654940888803
2021-08-17 13:15:00,751.75,17.567,750.933,0.13219047899388503
2021-08-17 13:30:00,751.75,17.777,750.7776666666666,0.1337481345787891
2021-08-17 13:45:00,751.575,17.917,750.467,0.13510858732738912
2021-08-17 14:00:00,751.575,18.203,750.467,0.1351092525649407
2021-08-17 14:15:00,751.4,17.923,750.4086666666667,0.1339389230496062
2021-08-17 14:30:00,751.4,18.003,750.292,0.1351087873638542
2021-08-17 14:45:00,751.108,18.23,750.2336666666666,0.13276646636819142
2021-08-17 15:00:00,751.108,18.46,750.0196666666667,0.13491265384696535
2021-08-17 15:15:00,750.933,18.48,749.7666666666667,0.13569480419454982
2021-08-17 15:30:00,750.933,18.573,749.65,0.13686486933109596
2021-08-17 15:45:00,750.642,18.33,749.5916666666667,0.13453134345547482
2021-08-17 16:00:00,750.642,18.17,749.436,0.13609175633840598
2021-08-17 16:15:00,750.642,18.123,749.2996666666667,0.1374585471519576
2021-08-17 16:30:00,750.292,18.733,749.183,0.13512051286166732
2021-08-17 16:45:00,750.117,19.063,749.183,0.13336634497856648
2021-08-17 17:00:00,750.117,17.72,749.086,0.13433617428389305
2021-08-17 17:15:00,750.117,17.01,748.989,0.1353069555762162
2021-08-17 17:30:00,750.117,16.95,749.1246666666667,0.13394692192075336
2021-08-17 17:45:00,750.117,16.2,748.9693333333333,0.13550214069868272
2021-08-17 18:00:00,750.0,15.643,748.8336666666667,0.13568785790333568
2021-08-17 18:15:00,749.825,15.717,748.7753333333334,0.13451890114126488
2021-08-17 18:30:00,749.65,15.577,748.8336666666667,0.13218038532446494
2021-08-17 18:45:00,749.65,15.313,748.717,0.13334897190599274
2021-08-17 19:00:00,749.65,14.863,748.717,0.13334809052207783
2021-08-17 19:15:00,749.825,14.333,748.717,0.13510025092394565
2021-08-17 19:30:00,750.0,13.92,748.7753333333334,0.1362679881174271
2021-08-17 19:45:00,750.117,13.913,748.9306666666668,0.13588396996748803
2021-08-17 20:00:00,750.117,13.9,749.0663333333333,0.1345249146639154
2021-08-17 20:15:00,750.292,13.973,749.2413333333333,0.13452507567611433
2021-08-17 20:30:00,750.467,13.967,749.3969999999999,0.13471873427651465
2021-08-17 20:45:00,750.758,13.907,749.5333333333333,0.1362679546954457
2021-08-17 21:00:00,750.758,13.9,749.7666666666667,0.1339305508281998
2021-08-17 21:15:00,751.108,13.717,750.039,0.1347081557344958
2021-08-17 21:30:00,751.283,13.35,750.1753333333334,0.13509462572280842
2021-08-17 21:45:00,751.575,13.207,750.3306666666667,0.1364631346767685
2021-08-17 22:00:00,751.4,13.16,750.4663333333333,0.1333514321833172
2021-08-17 22:15:00,751.575,13.147,750.583,0.13393566095962103
2021-08-17 22:30:00,751.4,13.153,750.583,0.13218290848020983
2021-08-17 22:45:00,751.575,13.227,750.583,0.13393582755870997
2021-08-17 23:00:00,751.925,13.073,750.6413333333334,0.1368567328294309
2021-08-17 23:15:00,751.925,12.86,750.797,0.13529712841322353
2021-08-17 23:30:00,751.925,12.25,750.836,0.13490514167482623
2021-08-17 23:45:00,751.925,12.127,750.797,0.13529539267576
2021-08-18 00:00:00,751.925,12.29,750.836,0.13490523311958827
2021-08-18 00:15:00,751.925,12.323,750.758,0.13568640504250745
2021-08-18 00:30:00,752.1,11.76,750.797,0.13704677684469133
2021-08-18 00:45:00,751.925,11.143,750.875,0.13451215930954002
2021-08-18 01:00:00,751.925,10.74,750.875,0.13451127099799162
2021-08-18 01:15:00,752.217,10.45,750.836,0.1378239833041324
2021-08-18 01:30:00,751.75,10.25,750.6996666666666,0.13451352748549802
2021-08-18 01:45:00,751.75,10.043,750.583,0.13568081935460596
2021-08-18 02:00:00,751.75,10.76,750.583,0.13568257590645919
2021-08-18 02:15:00,751.75,11.157,750.5246666666667,0.13626755906706015
2021-08-18 02:30:00,751.575,10.587,750.3693333333333,0.13606922138642452
2021-08-18 02:45:00,751.4,10.283,750.292,0.1350908306019726
2021-08-18 03:00:00,751.575,9.983,750.3306666666667,0.13645471291928238
2021-08-18 03:15:00,751.575,9.697,750.311,0.13665080054095075
2021-08-18 03:30:00,751.283,9.473,750.117,0.1356694148581387
2021-08-18 03:45:00,751.4,9.343,750.078,0.13723031369619734
2021-08-18 04:00:00,751.283,9.21,750.0,0.13683965121482883
2021-08-18 04:15:00,751.108,9.13,750.0,0.135088148717719
2021-08-18 04:30:00,751.283,9.053,749.9416666666667,0.13742298126713826
2021-08-18 04:45:00,751.4,8.967,749.8833333333333,0.1391773019204857
2021-08-18 05:00:00,751.283,8.887,750.0,0.13683878125311202
2021-08-18 05:15:00,751.4,8.82,750.039,0.1376191236821889
2021-08-18 05:30:00,751.4,8.737,750.078,0.13722863189350942
2021-08-18 05:45:00,751.283,8.71,750.039,0.13644805208802152
2021-08-18 06:00:00,751.4,8.637,750.117,0.13683810790812853
2021-08-18 06:15:00,751.4,8.597,750.117,0.1368380001729314
2021-08-18 06:30:00,751.575,8.55,750.1753333333334,0.1380052562170788
2021-08-18 06:45:00,751.75,8.583,750.292,0.1385890485384748
2021-08-18 07:00:00,751.75,8.683,750.389,0.13761873225620197
2021-08-18 07:15:00,751.925,8.767,750.583,0.13742884699904262
2021-08-18 07:30:00,751.925,8.927,750.5246666666667,0.13801303524029196
2021-08-18 07:45:00,752.1,9.533,750.5246666666667,0.13976625177457824
2021-08-18 08:00:00,751.925,9.77,750.758,0.13568015054197566
2021-08-18 08:15:00,752.1,10.277,750.797,0.13704272029752784
2021-08-18 08:30:00,752.1,10.223,750.875,0.13626181996933057
2021-08-18 08:45:00,752.217,10.463,750.875,0.1374336250340423
2021-08-18 09:00:00,752.217,10.847,750.875,0.1374347068532875
2021-08-18 09:15:00,752.217,11.157,750.875,0.13743558019694901
2021-08-18 09:30:00,752.217,11.667,750.9333333333333,0.1368529439695256
2021-08-18 09:45:00,752.392,12.093,751.1083333333333,0.13685409194556983
2021-08-18 10:00:00,752.392,12.677,751.225,0.13568727229405003
2021-08-18 10:15:00,752.392,13.893,751.264,0.1352995745480118
2021-08-18 10:30:00,752.392,15.173,751.303,0.13491182400081222
2021-08-18 10:45:00,752.742,15.4,751.264,0.1388103240402713
2021-08-18 11:00:00,752.567,15.42,751.342,0.1362751846863788
2021-08-18 11:15:00,752.567,15.533,751.4003333333334,0.13569092883772302
2021-08-18 11:30:00,752.742,17.58,751.4196666666667,0.1372565151443871
2021-08-18 11:45:00,752.567,18.4,751.225,0.13745598544901427
2021-08-18 12:00:00,752.567,19.077,751.225,0.13745789271888148
2021-08-18 12:15:00,752.217,18.4,751.225,0.1339466002722964
2021-08-18 12:30:00,752.217,18.157,751.225,0.13394609422756376
2021-08-18 12:45:00,752.217,18.123,751.225,0.13394602342295098
2021-08-18 13:00:00,752.1,18.197,751.1666666666666,0.13335796272711906
2021-08-18 13:15:00,751.925,18.393,750.9526666666667,0.1337493919596616
2021-08-18 13:30:00,751.925,18.453,750.758,0.1357014227034004
2021-08-18 13:45:00,751.925,18.467,750.6996666666666,0.13628636273563424
2021-08-18 14:00:00,751.75,18.773,750.5443333333333,0.13608994044209144
2021-08-18 14:15:00,751.575,19.733,750.5056666666667,0.13472499964536644
2021-08-18 14:30:00,751.575,20.3,750.4276666666666,0.1355086751331555
2021-08-18 14:45:00,751.283,20.607,750.117,0.135696668260642
2021-08-18 15:00:00,751.283,20.107,750.0196666666667,0.13667173647666453
2021-08-18 15:15:00,751.108,19.41,749.8833333333333,0.13628210247789346
2021-08-18 15:30:00,751.108,18.733,749.8833333333333,0.13628036196386162
2021-08-18 15:45:00,750.758,18.36,749.5916666666667,0.13569451037891722
2021-08-18 16:00:00,750.933,18.243,749.65,0.13686398051571966
2021-08-18 16:15:00,750.933,17.997,749.8833333333333,0.13452392522901171
2021-08-18 16:30:00,750.933,18.057,749.5916666666667,0.137448335073353
2021-08-18 16:45:00,751.108,18.5,749.5916666666667,0.1392043118154387
2021-08-18 17:00:00,750.758,17.89,749.825,0.13335401929787877
2021-08-18 17:15:00,750.933,17.407,749.825,0.13510740106462085
2021-08-18 17:30:00,750.933,16.99,749.825,0.13510643112035858
2021-08-18 17:45:00,751.108,16.653,749.825,0.13685969804163245
2021-08-18 18:00:00,751.108,16.433,749.9806666666667,0.13529890745502823
2021-08-18 18:15:00,751.575,15.757,750.3306666666667,0.1364697958062938
2021-08-18 18:30:00,751.575,14.897,750.408,0.1356927109901661
2021-08-18 18:45:00,751.75,14.267,750.5246666666667,0.13627555898624832
2021-08-18 19:00:00,752.1,13.777,750.797,0.13705229407707753
2021-08-18 19:15:00,752.217,12.683,750.7193333333333,0.13899885188819713
2021-08-18 19:30:00,751.75,12.087,750.408,0.13743820022793352
2021-08-18 19:45:00,751.575,11.873,750.4663333333333,0.13510120435911482
2021-08-18 20:00:00,751.925,11.893,750.6413333333334,0.13685355298967983
2021-08-18 20:15:00,751.925,11.82,750.758,0.13568517276136075
2021-08-18 20:30:00,752.1,11.63,750.6996666666666,0.13802098123799994
2021-08-18 20:45:00,751.925,11.323,750.6803333333334,0.13646155059693016
2021-08-18 21:00:00,752.1,11.053,750.875,0.13626395441519334
2021-08-18 21:15:00,752.217,10.727,750.875,0.1374343687847734
2021-08-18 21:30:00,752.392,10.463,750.875,0.13918540177097047
2021-08-18 21:45:00,752.217,10.257,750.875,0.13743304468309306
2021-08-18 22:00:00,752.217,10.13,750.9333333333333,0.13684880209351086
2021-08-18 22:15:00,752.567,10.037,751.05,0.1391840451262085
2021-08-18 22:30:00,752.567,10.003,751.05,0.1391839368493964
2021-08-18 22:45:00,752.567,9.93,750.9916666666667,0.13976756468148277
2021-08-18 23:00:00,752.742,9.823,750.875,0.1426864468537041
2021-08-18 23:15:00,752.567,9.863,750.9333333333333,0.14035119521185038
2021-08-18 23:30:00,752.567,9.943,751.1083333333333,0.1385998838719388
2021-08-18 23:45:00,752.858,10.037,751.225,0.14034511911080763
2021-08-19 00:00:00,752.742,10.01,751.264,0.13879360027119328
2021-08-19 00:15:00,752.567,10.157,751.303,0.13665202114798536
2021-08-19 00:30:00,752.567,10.177,751.1666666666666,0.1380167098600252
2021-08-19 00:45:00,752.392,10.023,751.05,0.137432385449492
2021-08-19 01:00:00,752.567,9.817,751.05,0.13918334451154193
2021-08-19 01:15:00,752.217,9.68,750.9916666666667,0.13626375974852611
2021-08-19 01:30:00,752.217,9.743,750.875,0.13743159662295754
2021-08-19 01:45:00,752.392,9.73,750.875,0.13918306745028594
2021-08-19 02:00:00,752.1,9.723,750.7776666666666,0.1372347044917136
2021-08-19 02:15:00,752.042,9.697,750.583,0.13860246676364393
2021-08-19 02:30:00,752.042,9.513,750.583,0.13860190319856053
2021-08-19 02:45:00,751.925,9.303,750.5246666666667,0.13801414056590727
2021-08-19 03:00:00,751.925,9.103,750.408,0.1391810706984862
2021-08-19 03:15:00,751.75,8.893,750.408,0.13742920197098246
2021-08-19 03:30:00,752.042,8.663,750.5636666666667,0.13879275633832006
2021-08-19 03:45:00,752.567,8.537,750.875,0.1409303373816611
2021-08-19 04:00:00,752.392,8.813,750.836,0.13957040803063372
2021-08-19 04:15:00,752.1,9.17,750.758,0.13742998234580256
2021-08-19 04:30:00,752.1,9.33,750.6996666666666,0.13801421993769347
2021-08-19 04:45:00,751.925,9.223,750.583,0.13743013165939633
2021-08-19 05:00:00,752.1,9.02,750.6413333333334,0.13859705750384008
2021-08-19 05:15:00,752.1,9.047,750.6996666666666,0.1380133880037862
2021-08-19 05:30:00,752.217,9.243,750.6413333333334,0.1397686285880807
2021-08-19 05:45:00,752.217,9.573,750.758,0.13860208696978338
2021-08-19 06:00:00,752.217,9.75,750.797,0.13821229151113412
2021-08-19 06:15:00,752.567,9.85,750.9333333333333,0.14035115062798045
2021-08-19 06:30:00,752.567,9.923,751.1083333333333,0.13859982262885973
2021-08-19 06:45:00,752.742,9.99,751.225,0.13918389544943585
2021-08-19 07:00:00,752.858,9.977,751.225,0.1403449134230716
2021-08-19 07:15:00,752.858,10.05,751.225,0.14034516367648378
2021-08-19 07:30:00,752.742,10.123,751.264,0.1387939508808233
2021-08-19 07:45:00,752.858,10.733,751.4003333333334,0.13859229225397193
2021-08-19 08:00:00,753.033,10.933,751.517,0.13917688739922085
2021-08-19 08:15:00,753.208,10.913,751.5753333333333,0.14034478511926862
2021-08-19 08:30:00,753.383,10.907,751.692,0.1409287445050961
2021-08-19 08:45:00,753.208,10.933,751.7306666666667,0.13878979000733238
2021-08-19 09:00:00,753.208,10.96,751.8663333333333,0.13743168813576412
2021-08-19 09:15:00,753.383,11.13,751.9246666666667,0.1386001814643461
2021-08-19 09:30:00,753.208,11.37,751.7693333333333,0.13840401242899053
2021-08-19 09:45:00,753.383,11.667,751.7306666666667,0.14054428544713823
2021-08-19 10:00:00,753.383,12.147,751.808,0.1397715585603204
2021-08-19 10:15:00,753.033,12.263,751.808,0.13626706607723424
2021-08-19 10:30:00,753.383,12.86,751.7693333333333,0.14016116981336302
2021-08-19 10:45:00,753.208,12.953,751.7306666666667,0.13879605471527723
2021-08-19 11:00:00,753.383,13.173,751.808,0.13977495089648165
2021-08-19 11:15:00,753.383,13.617,751.7693333333333,0.1401637341832616
2021-08-19 11:30:00,753.383,14.34,751.692,0.14094093126833768
2021-08-19 11:45:00,753.208,14.643,751.692,0.13918869452185104
2021-08-19 12:00:00,753.208,15.227,751.7306666666667,0.13880310716372607
2021-08-19 12:15:00,753.208,15.18,751.7693333333333,0.13841551927019685
2021-08-19 12:30:00,752.858,15.04,751.6336666666667,0.13626752762939842
2021-08-19 12:45:00,753.033,14.83,751.517,0.13918928965175023
2021-08-19 13:00:00,752.742,14.837,751.517,0.13627368543102886
2021-08-19 13:15:00,752.742,14.663,751.517,0.13627323796888413
2021-08-19 13:30:00,753.033,14.34,751.4586666666667,0.13977213056975332
2021-08-19 13:45:00,752.742,15.193,751.342,0.1380281153466196
2021-08-19 14:00:00,752.567,14.38,751.303,0.13666322685126187
2021-08-19 14:15:00,752.742,14.477,751.1666666666666,0.1397826019300845
2021-08-19 14:30:00,752.567,14.697,751.1083333333333,0.13861444135183187
2021-08-19 14:45:00,752.217,15.147,751.0693333333334,0.13549960373002373
2021-08-19 15:00:00,752.217,15.473,750.797,0.13822935166929998
2021-08-19 15:15:00,752.1,15.233,750.836,0.13666549028126151
2021-08-19 15:30:00,752.1,14.897,750.758,0.13744611666563936
2021-08-19 15:45:00,752.1,14.95,750.6996666666666,0.13803074102800755
2021-08-19 16:00:00,751.75,14.937,750.5246666666667,0.1362772824415075
2021-08-19 16:15:00,751.575,15.173,750.4663333333333,0.1351088847954399
2021-08-19 16:30:00,751.75,15.08,750.5246666666667,0.13627765028345087
2021-08-19 16:45:00,751.75,14.85,750.408,0.13744598425547133
2021-08-19 17:00:00,751.75,14.603,750.408,0.13744528839777972
2021-08-19 17:15:00,751.4,14.497,750.408,0.13393847231924524
2021-08-19 17:30:00,751.575,14.307,750.3693333333333,0.13607863683805982
2021-08-19 17:45:00,751.575,14.38,750.3306666666667,0.13646619879635014
2021-08-19 18:00:00,751.575,14.32,750.311,0.13666306764164865
2021-08-19 18:15:00,751.4,13.993,750.1753333333334,0.13626817579471562
2021-08-19 18:30:00,751.283,13.617,750.2336666666666,0.13451093476738382
2021-08-19 18:45:00,751.4,13.337,750.117,0.13685076679379074
2021-08-19 19:00:00,751.108,13.12,750.0196666666667,0.13490045344468293
2021-08-19 19:15:00,751.108,12.8,749.8833333333333,0.1362651086850569
2021-08-19 19:30:00,751.108,12.61,750.039,0.13470567147882978
2021-08-19 19:45:00,751.4,12.477,750.117,0.13684845048705255
2021-08-19 20:00:00,750.933,12.357,750.078,0.13256208014470003
2021-08-19 20:15:00,751.108,12.263,750.0,0.13509543609271574
2021-08-19 20:30:00,751.283,12.08,750.039,0.1364568528696311
2021-08-19 20:45:00,751.4,11.793,750.117,0.13684660821518171
2021-08-19 21:00:00,751.4,11.643,750.1753333333334,0.13626213412857857
2021-08-19 21:15:00,751.575,11.663,750.3306666666667,0.1364591014281461
2021-08-19 21:30:00,751.75,11.853,750.408,0.13743754099433098
2021-08-19 21:45:00,751.75,11.987,750.4663333333333,0.13685380629894814
2021-08-19 22:00:00,751.75,12.127,750.5246666666667,0.13627005421870406
2021-08-19 22:15:00,751.575,12.147,750.408,0.13568597386660075
2021-08-19 22:30:00,751.575,12.1,750.408,0.13568585872303435
2021-08-19 22:45:00,751.575,11.907,750.408,0.13568538589945323
2021-08-19 23:00:00,751.575,11.82,750.4663333333333,0.13510108100665263
2021-08-19 23:15:00,751.925,11.7,750.5246666666667,0.13802118701670493
2021-08-19 23:30:00,751.75,11.477,750.408,0.1374364817129867
2021-08-19 23:45:00,751.575,11.29,750.3693333333333,0.13607100070430075
2021-08-20 00:00:00,751.925,11.217,750.3306666666667,0.13996204385813654
2021-08-20 00:15:00,751.925,11.217,750.3693333333333,0.13957492341332306
2021-08-20 00:30:00,751.575,11.143,750.292,0.13684485751822992
2021-08-20 00:45:00,751.75,10.973,750.3306666666667,0.13820926310278603
2021-08-20 01:00:00,751.575,10.88,750.3693333333333,0.13606996297979257
2021-08-20 01:15:00,751.575,10.847,750.292,0.13684406027777118
2021-08-20 01:30:00,751.75,10.853,750.3306666666667,0.13820890555292684
2021-08-20 01:45:00,751.925,10.907,750.408,0.1391868157387521
2021-08-20 02:00:00,751.925,10.833,750.4663333333333,0.13860260918895706
2021-08-20 02:15:00,751.75,10.713,750.583,0.1356824607628928
2021-08-20 02:30:00,751.925,10.517,750.5246666666667,0.13801770935659077
2021-08-20 02:45:00,751.75,10.243,750.408,0.1374330052417664
2021-08-20 03:00:00,751.575,9.923,750.3693333333333,0.13606754077892833
2021-08-20 03:15:00,751.4,9.68,750.292,0.13508942802070129
2021-08-20 03:30:00,751.4,9.653,750.2336666666666,0.13567319160641503
2021-08-20 03:45:00,751.283,9.627,750.117,0.1356697918137688
2021-08-20 04:00:00,751.283,9.62,750.078,0.13606010161981444
2021-08-20 04:15:00,751.4,9.613,750.0,0.13801171574880308
2021-08-20 04:30:00,751.4,9.647,749.8833333333333,0.13917946698089037
2021-08-20 04:45:00,751.283,9.587,749.65,0.14034357645278872
2021-08-20 05:00:00,751.108,9.547,749.65,0.138591999105748
2021-08-20 05:15:00,751.108,9.487,749.5916666666667,0.139175621520285
2021-08-20 05:30:00,751.108,9.343,749.475,0.14034273998932728
2021-08-20 05:45:00,750.933,9.25,749.475,0.1385910900616804
2021-08-20 06:00:00,750.933,9.163,749.475,0.13859082377604492
2021-08-20 06:15:00,751.108,9.063,749.5916666666667,0.1391742718381431
2021-08-20 06:30:00,751.108,9.02,749.8833333333333,0.13625539060080238
2021-08-20 06:45:00,751.283,9.04,750.0,0.13683919334024103
2021-08-20 07:00:00,751.283,9.007,750.039,0.13644882770586664
2021-08-20 07:15:00,751.575,9.123,750.078,0.13898098759586164
2021-08-20 07:30:00,751.575,9.257,750.039,0.13937170592865253
2021-08-20 07:45:00,751.75,9.723,750.117,0.1403440426783223
2021-08-20 08:00:00,751.75,9.957,750.2139999999999,0.13937396307759783
2021-08-20 08:15:00,751.75,10.263,750.408,0.13743306158651875
2021-08-20 08:30:00,751.75,10.323,750.408,0.13743323062077584
2021-08-20 08:45:00,751.925,10.423,750.4663333333333,0.1386013537058363
2021-08-20 09:00:00,751.75,10.653,750.486,0.1366533372807864
2021-08-20 09:15:00,751.925,10.833,750.3306666666667,0.13996075862677793
2021-08-20 09:30:00,751.75,11.143,750.408,0.13743554075562237
2021-08-20 09:45:00,751.925,11.343,750.4663333333333,0.13860417088747315
2021-08-20 10:00:00,751.75,11.623,750.583,0.13568469013832715
2021-08-20 10:15:00,752.217,13.363,750.6803333333334,0.13939162321327575
2021-08-20 10:30:00,752.1,15.273,750.836,0.13666559642100365
2021-08-20 10:45:00,752.1,16.24,750.758,0.13744990021575998
2021-08-20 11:00:00,752.1,16.85,750.6996666666666,0.13803632644999986
2021-08-20 11:15:00,751.925,17.28,750.6413333333334,0.13686806976657725
2021-08-20 11:30:00,751.925,17.753,750.6996666666666,0.13628452609823863
2021-08-20 11:45:00,751.75,17.91,750.583,0.13570009242772915
2021-08-20 12:00:00,751.75,17.863,750.6413333333334,0.13511514551474582
2021-08-20 12:15:00,751.575,17.34,750.6996666666666,0.1327748573867791
2021-08-20 12:30:00,751.575,16.823,750.6413333333334,0.13335861177483482
2021-08-20 12:45:00,751.75,16.513,750.6610000000001,0.13491488740033836
2021-08-20 13:00:00,751.75,16.737,750.467,0.1368599242855464
2021-08-20 13:15:00,751.575,16.89,750.467,0.13510619851981756
2021-08-20 13:30:00,751.4,16.803,750.467,0.13335189026606653
2021-08-20 13:45:00,751.575,16.77,750.467,0.13510591939916655
2021-08-20 14:00:00,751.575,17.017,750.4086666666667,0.13569122209231363
2021-08-20 14:15:00,751.4,17.79,750.292,0.13510829192469864
2021-08-20 14:30:00,751.4,18.323,750.2336666666666,0.1356944197857643
2021-08-20 14:45:00,750.933,18.593,750.078,0.13257327305914526
2021-08-20 15:00:00,751.108,18.31,750.039,0.13471846303916968
2021-08-20 15:15:00,751.108,17.897,750.078,0.13432653161687613
2021-08-20 15:30:00,751.108,17.447,749.8833333333333,0.1362770557584777
2021-08-20 15:45:00,750.758,17.313,749.7083333333334,0.1345224180026862
2021-08-20 16:00:00,750.758,17.493,749.7666666666667,0.1339380281812991
2021-08-20 16:15:00,750.933,17.387,749.7083333333334,0.13627690150317057
2021-08-20 16:30:00,750.933,17.997,749.825,0.13510877340782165
2021-08-20 16:45:00,750.758,19.217,749.7666666666667,0.13394161597888976
2021-08-20 17:00:00,751.108,18.733,749.7666666666667,0.13745023857990726
2021-08-20 17:15:00,751.108,17.52,750.039,0.13471669017378923
2021-08-20 17:30:00,751.108,16.897,750.0196666666667,0.13490908283034225
2021-08-20 17:45:00,751.108,16.063,749.8833333333333,0.13627349760276122
2021-08-20 18:00:00,751.108,15.493,750.0,0.13510294909023873
2021-08-20 18:15:00,751.108,14.95,750.0973333333334,0.13412644770219484
2021-08-20 18:30:00,751.283,14.49,750.2336666666666,0.1345128578532482
2021-08-20 18:45:00,751.283,14.1,750.078,0.13607143438848476
2021-08-20 19:00:00,751.283,13.717,750.0973333333334,0.1358768038502032
2021-08-20 19:15:00,751.108,13.35,750.2336666666666,0.13275750925998375
2021-08-20 19:30:00,751.283,12.96,750.1753333333334,0.13509371885359941
2021-08-20 19:45:00,751.283,12.643,750.292,0.13392459665614068
2021-08-20 20:00:00,751.4,12.383,750.292,0.13509571521336527
2021-08-20 20:15:00,751.575,11.853,750.292,0.13684676981797889
2021-08-20 20:30:00,751.575,11.41,750.3306666666667,0.13645844053960887
2021-08-20 20:45:00,751.575,11.013,750.4663333333333,0.1350992027908604
2021-08-20 21:00:00,751.925,10.867,750.6413333333334,0.13685078814596408
2021-08-20 21:15:00,751.925,10.807,750.758,0.1356826910500256
2021-08-20 21:30:00,752.217,10.58,750.797,0.13821476572593017
2021-08-20 21:45:00,752.217,10.223,750.875,0.13743294889701405
2021-08-20 22:00:00,752.217,9.877,750.9333333333333,0.13684812031431
2021-08-20 22:15:00,752.1,9.71,751.05,0.13450900062356422
2021-08-20 22:30:00,752.217,9.64,751.1083333333333,0.1350960072638667
2021-08-20 22:45:00,752.217,9.56,751.1666666666666,0.1345120060722218
2021-08-20 23:00:00,752.217,9.473,751.05,0.13567942293263208
2021-08-20 23:15:00,752.392,9.197,750.9916666666667,0.138013828958154
2021-08-20 23:30:00,752.392,8.873,750.9333333333333,0.13859660736721047
2021-08-20 23:45:00,752.392,8.69,750.9916666666667,0.1380123385323908
2021-08-21 00:00:00,752.217,8.737,750.875,0.1374287624819141
2021-08-21 00:15:00,752.217,8.753,750.836,0.1378190635150566
2021-08-21 00:30:00,752.217,8.67,750.758,0.13859932121287957
2021-08-21 00:45:00,752.042,8.557,750.758,0.13684789858928453
2021-08-21 01:00:00,752.217,8.443,750.797,0.1382083953680758
2021-08-21 01:15:00,751.925,8.36,750.836,0.13489624867171995
2021-08-21 01:30:00,752.217,8.267,750.758,0.13859808688283282
2021-08-21 01:45:00,752.217,8.11,750.758,0.1385976060147997
2021-08-21 02:00:00,752.042,8.017,750.6413333333334,0.1380136951231064
2021-08-21 02:15:00,751.925,7.963,750.4663333333333,0.13859382080711166
2021-08-21 02:30:00,752.042,7.903,750.583,0.1385969720040809
2021-08-21 02:45:00,752.042,7.74,750.583,0.1385964727589255
2021-08-21 03:00:00,751.925,7.647,750.583,0.13742569169291075
2021-08-21 03:15:00,751.75,7.58,750.583,0.1356747853417545
2021-08-21 03:30:00,751.75,7.52,750.583,0.13567463834996762
2021-08-21 03:45:00,751.75,7.513,750.583,0.13567462120092583
2021-08-21 04:00:00,751.925,7.47,750.5246666666667,0.13800875210353258
2021-08-21 04:15:00,751.925,7.463,750.4663333333333,0.1385922897301351
2021-08-21 04:30:00,751.925,7.45,750.5246666666667,0.13800869330961688
2021-08-21 04:45:00,752.042,7.41,750.5246666666667,0.13917901373138997
2021-08-21 05:00:00,751.925,7.363,750.797,0.13528411156624265
2021-08-21 05:15:00,752.217,7.343,750.875,0.13742483525267496
2021-08-21 05:30:00,752.217,7.317,750.836,0.13781490039359942
2021-08-21 05:45:00,752.217,7.297,750.758,0.13859511591473017
2021-08-21 06:00:00,752.217,7.317,750.797,0.13820503878270193
2021-08-21 06:15:00,752.392,7.23,750.9333333333333,0.1385915762482655
2021-08-21 06:30:00,752.567,7.14,751.05,0.13917481930489456
2021-08-21 06:45:00,752.567,7.087,751.1083333333333,0.13859113836024872
2021-08-21 07:00:00,752.742,7.21,751.225,0.13917504222774005
2021-08-21 07:15:00,752.742,7.553,751.3223333333334,0.1382024076130873
2021-08-21 07:30:00,753.033,8.023,751.517,0.13916762628686252
2021-08-21 07:45:00,753.033,8.643,751.5753333333333,0.13858589673971264
2021-08-21 08:00:00,753.208,8.973,751.692,0.13917064967406
2021-08-21 08:15:00,753.033,9.27,751.692,0.13742025642122685
2021-08-21 08:30:00,753.208,9.64,751.692,0.1391727724101229
2021-08-21 08:45:00,753.033,9.943,751.692,0.13742215100932623
2021-08-21 09:00:00,753.033,10.303,751.7306666666667,0.1370361182057676
2021-08-21 09:15:00,753.208,10.607,751.808,0.1380146371108514
2021-08-21 09:30:00,753.033,11.117,751.808,0.1362641189989707
2021-08-21 09:45:00,753.033,11.657,751.8663333333333,0.13568143588056547
2021-08-21 10:00:00,753.383,12.187,751.983,0.13801928072457154
2021-08-21 10:15:00,753.383,12.67,752.0413333333333,0.13743650441549773
2021-08-21 10:30:00,753.208,15.447,752.2163333333333,0.13393711047822468
2021-08-21 10:45:00,753.208,17.653,752.2746666666667,0.13335689685122604
2021-08-21 11:00:00,753.383,18.82,752.158,0.1362839281995501
2021-08-21 11:15:00,753.383,18.95,752.2163333333333,0.13569929762890418
2021-08-21 11:30:00,753.383,19.177,752.2746666666667,0.1351148609095347
2021-08-21 11:45:00,753.208,18.057,752.158,0.13452739947342487
2021-08-21 12:00:00,753.383,18.25,752.061,0.13725503286540724
2021-08-21 12:15:00,753.208,18.453,751.9639999999999,0.13647349600945247
2021-08-21 12:30:00,753.033,17.99,752.0026666666666,0.1343300746918779
2021-08-21 12:45:00,753.208,17.573,751.692,0.13919801928446612
2021-08-21 13:00:00,753.033,18.07,751.692,0.13744502963857366
2021-08-21 13:15:00,752.858,17.937,751.7306666666667,0.13530246680873395
2021-08-21 13:30:00,752.858,17.447,751.7693333333333,0.13491368103080795
2021-08-21 13:45:00,752.742,17.123,751.6336666666667,0.1351100818570811
2021-08-21 14:00:00,752.742,17.217,751.4586666666667,0.1368645585516919
2021-08-21 14:15:00,752.742,17.15,751.4003333333334,0.1374491225050946
2021-08-21 14:30:00,752.567,16.977,751.517,0.13452501888664506
2021-08-21 14:45:00,752.392,16.977,751.4196666666667,0.13374650161661852
2021-08-21 15:00:00,752.567,16.97,751.1666666666666,0.1380366792134956
2021-08-21 15:15:00,752.217,16.677,751.1083333333333,0.1351123852124787
2021-08-21 15:30:00,752.217,16.567,751.1083333333333,0.13511212919793453
2021-08-21 15:45:00,752.217,16.783,750.875,0.1374514299757864
2021-08-21 16:00:00,752.217,16.757,750.875,0.13745135672760833
2021-08-21 16:15:00,752.1,16.69,750.875,0.1362784506457095
2021-08-21 16:30:00,751.925,17.043,750.836,0.1349160990434351
2021-08-21 16:45:00,751.925,18.54,750.6996666666666,0.13628655051508784
2021-08-21 17:00:00,751.75,18.673,750.583,0.13570196167328566
2021-08-21 17:15:00,751.75,17.93,750.5246666666667,0.1362849813991056
2021-08-21 17:30:00,751.75,17.03,750.4663333333333,0.13686739607171472
2021-08-21 17:45:00,751.575,16.373,750.5246666666667,0.1345270283746292
2021-08-21 18:00:00,751.4,15.857,750.3693333333333,0.1343288015879087
2021-08-21 18:15:00,751.4,15.837,750.3306666666667,0.13471625377539725
2021-08-21 18:30:00,751.4,15.763,750.408,0.13394110874982756
2021-08-21 18:45:00,751.4,15.107,750.3693333333333,0.1343271788422466
2021-08-21 19:00:00,751.283,14.597,750.3306666666667,0.13354126692979906
2021-08-21 19:15:00,751.4,13.757,750.408,0.13393693127767264
2021-08-21 19:30:00,751.4,12.94,750.3693333333333,0.13432249018911363
2021-08-21 19:45:00,751.575,12.39,750.389,0.13587683894724753
2021-08-21 20:00:00,751.75,11.913,750.6413333333334,0.13510129745531121
2021-08-21 20:15:00,751.925,11.57,750.758,0.1356845602955821
2021-08-21 20:30:00,751.925,11.35,750.797,0.13529355274668883
2021-08-21 20:45:00,752.1,11.257,750.875,0.1362644790259837
2021-08-21 21:00:00,752.217,11.13,750.9333333333333,0.13685149687296091
2021-08-21 21:15:00,752.217,11.11,751.1473333333333,0.13470897961941847
2021-08-21 21:30:00,752.567,11.667,751.4003333333334,0.13568146037219753
2021-08-21 21:45:00,752.858,12.443,751.5753333333333,0.1368450208090153
2021-08-21 22:00:00,752.742,12.793,751.692,0.1345157963171203
2021-08-21 22:15:00,752.742,13.06,751.692,0.1345163848510742
2021-08-21 22:30:00,753.033,13.14,751.7306666666667,0.13704387446749036
2021-08-21 22:45:00,753.033,12.563,751.7693333333333,0.13665506726638263
2021-08-21 23:00:00,752.858,12.193,751.692,0.13567607277576121
2021-08-21 23:15:00,752.858,12.02,751.7306666666667,0.13528846368646957
2021-08-21 23:30:00,753.033,11.96,751.7693333333333,0.1366534676317257
2021-08-21 23:45:00,753.033,11.78,751.7306666666667,0.13704015627364372
2021-08-22 00:00:00,753.033,11.713,751.808,0.13626565168539748
2021-08-22 00:15:00,752.858,11.657,751.7693333333333,0.13490044845312174
2021-08-22 00:30:00,753.033,11.49,751.692,0.13742650602833026
2021-08-22 00:45:00,753.033,11.397,751.789,0.13645506920973813
2021-08-22 01:00:00,753.033,11.383,751.983,0.1345126883288259
2021-08-22 01:15:00,753.033,11.55,751.9246666666667,0.13509711512908082
2021-08-22 01:30:00,753.033,12.193,751.808,0.13626688606372775
2021-08-22 01:45:00,753.208,12.443,751.808,0.13802003310755231
2021-08-22 02:00:00,753.208,12.343,751.808,0.13801973920794988
2021-08-22 02:15:00,753.033,11.973,751.808,0.13626632030699304
2021-08-22 02:30:00,752.858,11.72,751.808,0.1345134311600696
2021-08-22 02:45:00,752.858,11.53,751.808,0.13451301235313612
2021-08-22 03:00:00,753.033,11.323,751.8663333333333,0.13568061786000535
2021-08-22 03:15:00,753.033,11.223,751.983,0.13451233564930298
2021-08-22 03:30:00,753.033,11.183,751.9246666666667,0.13509626122827753
2021-08-22 03:45:00,753.033,10.94,751.7693333333333,0.1366507617820573
2021-08-22 04:00:00,752.858,10.647,751.6336666666667,0.13625623664415465
2021-08-22 04:15:00,752.858,10.19,751.5753333333333,0.13683895420059866
2021-08-22 04:30:00,752.858,9.667,751.692,0.13566988972432206
2021-08-22 04:45:00,752.858,9.223,751.692,0.13566880291718075
2021-08-22 05:00:00,753.033,8.88,751.7306666666667,0.13703222777205895
2021-08-22 05:15:00,753.033,8.563,751.7693333333333,0.1366444560912124
2021-08-22 05:30:00,753.208,8.34,751.789,0.13819808263095815
2021-08-22 05:45:00,753.208,8.167,751.9246666666667,0.1368401771305056
2021-08-22 06:00:00,753.208,8.063,751.8663333333333,0.13742352862559304
2021-08-22 06:15:00,753.383,7.937,751.9246666666667,0.13859040624111058
2021-08-22 06:30:00,753.383,7.83,751.8663333333333,0.13917368181213402
2021-08-22 06:45:00,753.5,7.793,752.0803333333333,0.13820312288075132
2021-08-22 07:00:00,753.675,7.773,752.275,0.13800630799611807
2021-08-22 07:15:00,753.85,7.817,752.3333333333334,0.13917364042127336
2021-08-22 07:30:00,754.025,7.97,752.5473333333333,0.13878393570832345
2021-08-22 07:45:00,753.85,8.287,752.742,0.13508618789514712
2021-08-22 08:00:00,754.317,8.69,752.742,0.13976012843740823
2021-08-22 08:15:00,754.492,9.09,752.8003333333334,0.14092896587344142
2021-08-22 08:30:00,754.317,9.363,752.9753333333333,0.13742719012480686
2021-08-22 08:45:00,754.2,9.723,753.092,0.13508952803893753
2021-08-22 09:00:00,754.2,10.123,753.0336666666667,0.13567434238430512
2021-08-22 09:15:00,754.317,10.587,752.9753333333333,0.13743063756714355
2021-08-22 09:30:00,754.317,11.11,753.0336666666667,0.1368481058070306
2021-08-22 09:45:00,754.317,11.78,752.917,0.1380180845531881
2021-08-22 10:00:00,754.2,13.16,752.9753333333333,0.13626603421689212
2021-08-22 10:15:00,754.317,15.683,753.0336666666667,0.13686042583344885
2021-08-22 10:30:00,754.317,17.76,752.9753333333333,0.13745084059319024
2021-08-22 10:45:00,754.375,19.09,753.189,0.13589352026882584
2021-08-22 11:00:00,754.375,19.973,753.2860000000001,0.13492279737225293
2021-08-22 11:15:00,754.2,19.86,753.092,0.13511310675593152
2021-08-22 11:30:00,754.317,19.813,753.0336666666667,0.1368715523825648
2021-08-22 11:45:00,754.025,19.867,752.917,0.13511312303796652
2021-08-22 12:00:00,754.025,19.177,752.878,0.13550262748562658
2021-08-22 12:15:00,753.85,19.03,752.7806666666667,0.13472342152765923
2021-08-22 12:30:00,753.675,18.513,752.703,0.1337462945533172
2021-08-22 12:45:00,753.675,18.62,752.625,0.1345286404644962
2021-08-22 13:00:00,753.558,19.137,752.5666666666667,0.1339414494917626
2021-08-22 13:15:00,753.558,19.25,752.4110000000001,0.13550280326068095
2021-08-22 13:30:00,753.383,19.397,752.372,0.13413922576118056
2021-08-22 13:45:00,753.558,19.397,752.45,0.13511202981541823
2021-08-22 14:00:00,753.675,18.897,752.3916666666667,0.13686908460556957
2021-08-22 14:15:00,753.558,18.453,752.275,0.13686454612550458
2021-08-22 14:30:00,753.383,18.11,752.275,0.13510903624643616
2021-08-22 14:45:00,753.383,17.777,752.236,0.135499256457188
2021-08-22 15:00:00,753.383,17.977,752.0996666666666,0.1368666060522571
2021-08-22 15:15:00,753.033,18.297,751.886,0.13550050855346574
2021-08-22 15:30:00,753.033,18.48,751.7306666666667,0.13705847384627057
2021-08-22 15:45:00,753.033,18.29,751.808,0.13628256524014376
2021-08-22 16:00:00,752.858,18.143,751.7693333333333,0.13491527168263345
2021-08-22 16:15:00,752.858,18.303,751.692,0.13569102861277352
2021-08-22 16:30:00,752.742,18.97,751.692,0.13452941195095264
2021-08-22 16:45:00,752.858,19.493,751.7306666666667,0.13530614922520234
2021-08-22 17:00:00,752.917,20.363,751.808,0.13512430767234127
2021-08-22 17:15:00,752.917,19.573,751.808,0.135122468469622
2021-08-22 17:30:00,753.033,18.773,751.711,0.13725648432218246
2021-08-22 17:45:00,752.567,18.077,751.5753333333333,0.13394258558290192
2021-08-22 18:00:00,752.742,17.467,751.6336666666667,0.1351108822436651
2021-08-22 18:15:00,752.742,16.903,751.517,0.1362789984010921
2021-08-22 18:30:00,752.567,16.42,751.517,0.13452379112105584
2021-08-22 18:45:00,752.742,15.79,751.4196666666667,0.13725154619080615
2021-08-22 19:00:00,752.217,15.3,751.225,0.13394014455760037
2021-08-22 19:15:00,752.567,14.903,751.264,0.13705537409872695
2021-08-22 19:30:00,752.742,14.77,751.342,0.13802687215130124
2021-08-22 19:45:00,752.742,14.603,751.342,0.13802638133896517
2021-08-22 20:00:00,752.858,14.353,751.4586666666667,0.13801896771063132
2021-08-22 20:15:00,753.033,14.207,751.789,0.13646240754692596
2021-08-22 20:30:00,753.383,14.08,752.0803333333333,0.1370497836442216
2021-08-22 20:45:00,753.5,14.027,752.236,0.13666229016803746
2021-08-22 21:00:00,753.5,13.777,752.3136666666667,0.1358836312663915
2021-08-22 21:15:00,753.675,13.093,752.664,0.13412584630926583
2021-08-22 21:30:00,753.85,12.543,752.742,0.13509608737423626
2021-08-22 21:45:00,753.85,12.297,752.8003333333334,0.1345113650096446
2021-08-22 22:00:00,754.2,12.377,752.917,0.13684818114906122
2021-08-22 22:15:00,754.2,12.9,752.917,0.13684958978676365
2021-08-22 22:30:00,754.2,13.213,752.9753333333333,0.13626617047574544
2021-08-22 22:45:00,754.317,13.337,753.1306666666667,0.1358825354687199
2021-08-22 23:00:00,754.317,13.443,753.208,0.13510819718776226
2021-08-22 23:15:00,754.492,13.583,753.1693333333333,0.1372487585662076
2021-08-22 23:30:00,754.317,13.71,753.092,0.13627078721357722
2021-08-22 23:45:00,754.492,13.657,753.092,0.13802360104872752
2021-08-23 00:00:00,754.317,13.57,753.092,0.1362704271865642
2021-08-23 00:15:00,754.492,13.2,752.9753333333333,0.13919077942150637
2021-08-23 00:30:00,754.2,12.523,752.8003333333334,0.1380169300681337
2021-08-23 00:45:00,754.2,12.08,752.917,0.13684738121522258
2021-08-23 01:00:00,753.85,11.92,752.917,0.13334232627127582
2021-08-23 01:15:00,754.2,11.643,752.8196666666666,0.13782076685532132
2021-08-23 01:30:00,754.025,11.63,752.5666666666667,0.13860171219144218
2021-08-23 01:45:00,753.85,11.61,752.45,0.13801758492386543
2021-08-23 02:00:00,753.85,11.477,752.5083333333333,0.13743314428583608
2021-08-23 02:15:00,754.025,11.283,752.5666666666667,0.1386006498668375
2021-08-23 02:30:00,753.675,10.98,752.3916666666667,0.13684775557667103
2021-08-23 02:45:00,753.675,10.64,752.236,0.13840514454758543
2021-08-23 03:00:00,753.675,10.33,752.197,0.13879459314802314
2021-08-23 03:15:00,753.5,10.123,752.275,0.1362615628071799
2021-08-23 03:30:00,753.675,9.923,752.3333333333334,0.13742876738600515
2021-08-23 03:45:00,753.675,9.777,752.3916666666667,0.13684451459880506
2021-08-23 04:00:00,753.85,10.323,752.3333333333334,0.1391816193056471
2021-08-23 04:15:00,753.675,10.76,752.5083333333333,0.1356792389810357
2021-08-23 04:30:00,753.85,10.873,752.5666666666667,0.13684746731014577
2021-08-23 04:45:00,753.675,10.317,752.5083333333333,0.13567815400167002
2021-08-23 05:00:00,754.142,9.763,752.7223333333334,0.13820899403613418
2021-08-23 05:15:00,754.142,9.393,752.8586666666666,0.13684348007220593
2021-08-23 05:30:00,754.025,9.163,752.703,0.1372298141508445
2021-08-23 05:45:00,754.142,9.79,752.7223333333334,0.13820907450374606
2021-08-23 06:00:00,754.025,10.43,752.9753333333333,0.13450725098691504
2021-08-23 06:15:00,754.317,10.633,753.1306666666667,0.1358758012939472
2021-08-23 06:30:00,754.667,11.067,753.2663333333334,0.13802266332952287
2021-08-23 06:45:00,754.667,11.29,753.383,0.13685526533396825
2021-08-23 07:00:00,754.842,11.49,753.4413333333333,0.13802390711683898
2021-08-23 07:15:00,754.842,11.63,753.558,0.13685618179689998
2021-08-23 07:30:00,755.133,11.707,753.6553333333334,0.13879552803302816
2021-08-23 07:45:00,755.133,11.713,753.9083333333333,0.13626231409310327
2021-08-23 08:00:00,755.133,11.383,754.025,0.13509338920794167
2021-08-23 08:15:00,755.308,11.707,754.025,0.13684637658450938
2021-08-23 08:30:00,755.308,12.007,754.025,0.13684718459848783
2021-08-23 08:45:00,755.483,11.693,754.025,0.13859856748475582
2021-08-23 09:00:00,755.308,11.563,754.025,0.1368459887377997
2021-08-23 09:15:00,755.483,11.63,754.064,0.13820788315404967
2021-08-23 09:30:00,755.483,11.8,754.0446666666667,0.13840197344818128
2021-08-23 09:45:00,755.483,12.67,753.9083333333333,0.13976994953013938
2021-08-23 10:00:00,755.483,13.563,754.064,0.13821364133372707
2021-08-23 10:15:00,755.483,16.28,754.1030000000001,0.13783086274907758
2021-08-23 10:30:00,755.483,18.627,754.025,0.13861979075598171
2021-08-23 10:45:00,755.133,20.163,754.1223333333334,0.13413750799514423
2021-08-23 11:00:00,755.308,21.123,754.317,0.13394223835764846
2021-08-23 11:15:00,755.483,21.577,754.317,0.13569904259155735
2021-08-23 11:30:00,755.483,21.737,754.317,0.13569943423377046
2021-08-23 11:45:00,755.308,21.45,754.2196666666666,0.1349194851583557
2021-08-23 12:00:00,755.483,21.173,754.0833333333334,0.13804234633081006
2021-08-23 12:15:00,755.483,20.467,754.0833333333334,0.13804027189364804
2021-08-23 12:30:00,755.017,19.277,753.85,0.13570344139060692
2021-08-23 12:45:00,755.017,18.74,753.9083333333333,0.13511718664888583
2021-08-23 13:00:00,755.133,18.317,753.9276666666666,0.13608544407643994
2021-08-23 13:15:00,754.842,18.413,753.6163333333333,0.1362895661109806
2021-08-23 13:30:00,754.842,18.733,753.383,0.13863014270980423
2021-08-23 13:45:00,754.492,18.847,753.3443333333333,0.1355085180548464
2021-08-23 14:00:00,754.667,19.01,753.364,0.13706660824518713
2021-08-23 14:15:00,754.667,20.12,753.4996666666667,0.13570885010039865
2021-08-23 14:30:00,754.667,21.08,753.4413333333333,0.13629642835810163
2021-08-23 14:45:00,754.492,21.277,753.4413333333333,0.13454118571844292
2021-08-23 15:00:00,754.375,20.927,753.3246666666666,0.13453706970226068
2021-08-23 15:15:00,754.667,20.12,753.4413333333333,0.13629395825790006
2021-08-23 15:30:00,754.492,19.707,753.111,0.13785082036216104
2021-08-23 15:45:00,754.025,19.297,752.917,0.13511179721487424
2021-08-23 16:00:00,754.025,19.283,752.7613333333334,0.13667289404066713
2021-08-23 16:15:00,753.675,19.23,752.5083333333333,0.13569998339464173
2021-08-23 16:30:00,753.85,19.94,752.625,0.13628680841565557
2021-08-23 16:45:00,753.85,21.297,752.664,0.1358990151459487
2021-08-23 17:00:00,753.675,21.917,752.6446666666667,0.1343385686402018
2021-08-23 17:15:00,753.383,20.39,752.3916666666667,0.13394405709639198
2021-08-23 17:30:00,753.558,19.217,752.275,0.13686660386776967
2021-08-23 17:45:00,753.558,18.74,752.1776666666666,0.13784133190409925
2021-08-23 18:00:00,753.208,17.74,752.0413333333333,0.13569633414124468
2021-08-23 18:15:00,753.208,17.273,752.197,0.13413471783670977
2021-08-23 18:30:00,753.383,16.83,752.3333333333334,0.13452135368936236
2021-08-23 18:45:00,753.558,16.69,752.45,0.13510573331873255
2021-08-23 19:00:00,753.85,16.513,752.5473333333333,0.13705643708617302
2021-08-23 19:15:00,753.85,16.293,752.742,0.1351048098945803
2021-08-23 19:30:00,754.025,16.083,752.8003333333334,0.13627354902119496
2021-08-23 19:45:00,754.025,15.883,752.917,0.13510385623235302
2021-08-23 20:00:00,754.2,15.63,752.9753333333333,0.13627238439364045
2021-08-23 20:15:00,754.492,15.447,753.092,0.1380288618516113
2021-08-23 20:30:00,754.667,15.373,753.1306666666667,0.13939476711486978
2021-08-23 20:45:00,754.492,15.293,753.2663333333334,0.1362815382853239
2021-08-23 21:00:00,754.842,15.093,753.4413333333333,0.13803450136199258
2021-08-23 21:15:00,754.842,14.763,753.597,0.13647387872501446
2021-08-23 21:30:00,754.842,14.333,753.675,0.13569132926736943
2021-08-23 21:45:00,754.958,13.953,753.675,0.13685242591582797
2021-08-23 22:00:00,755.133,13.37,753.7916666666666,0.13743513724019937
2021-08-23 22:15:00,755.308,13.597,754.025,0.13685146707257356
2021-08-23 22:30:00,755.308,13.823,754.064,0.1364614047278939
2021-08-23 22:45:00,755.658,14.027,754.142,0.13918673409394286
2021-08-23 23:00:00,755.308,13.993,754.1030000000001,0.13607116371744585
2021-08-23 23:15:00,755.483,13.947,754.1223333333334,0.13763043300133607
2021-08-23 23:30:00,755.483,13.953,754.2196666666666,0.13665541548999258
2021-08-23 23:45:00,755.308,14.033,753.9083333333333,0.1380213668954916
2021-08-24 00:00:00,754.958,13.893,753.675,0.13685226431303227
2021-08-24 00:15:00,755.133,13.817,753.7916666666666,0.1374363959198282
2021-08-24 00:30:00,755.133,13.933,753.8693333333333,0.13665870159387844
2021-08-24 00:45:00,754.958,14.007,753.6553333333334,0.13704958401361492
2021-08-24 01:00:00,755.133,13.87,753.7916666666666,0.1374365451592473
2021-08-24 01:15:00,754.958,13.73,753.5776666666667,0.13782681437635683
2021-08-24 01:30:00,754.842,13.543,753.4413333333333,0.1380299437488957
2021-08-24 01:45:00,754.667,13.55,753.4996666666667,0.1356927499023057
2021-08-24 02:00:00,754.958,13.24,753.4413333333333,0.13919090677799928
2021-08-24 02:15:00,754.842,12.51,753.4996666666667,0.13744273006945099
2021-08-24 02:30:00,754.958,12.047,753.383,0.13977122792326765
2021-08-24 02:45:00,754.842,11.993,753.383,0.13860949907577141
2021-08-24 03:00:00,754.842,12.127,753.4803333333333,0.13763524795522505
2021-08-24 03:15:00,754.842,11.78,753.636,0.13607557855081948
2021-08-24 03:30:00,754.958,11.51,753.597,0.13762680934572835
2021-08-24 03:45:00,754.842,11.15,753.675,0.1356835313530754
2021-08-24 04:00:00,754.958,10.84,753.675,0.1368440414241117
2021-08-24 04:15:00,754.958,10.793,753.636,0.13723433781154118
2021-08-24 04:30:00,754.958,10.76,753.597,0.13762466650273408
2021-08-24 04:45:00,755.133,10.303,753.636,0.13898469589508836
2021-08-24 05:00:00,755.133,9.83,753.597,0.13937355356628894
2021-08-24 05:15:00,755.133,9.54,753.7333333333333,0.1380081651303782
2021-08-24 05:30:00,755.483,9.487,753.9083333333333,0.1397594275800894
2021-08-24 05:45:00,755.483,9.343,754.025,0.13859137471184252
2021-08-24 06:00:00,755.6,9.13,754.064,0.1393712964173436
2021-08-24 06:15:00,755.775,9.0,754.142,0.14034156414110283
2021-08-24 06:30:00,755.775,8.94,754.142,0.14034135845336676
2021-08-24 06:45:00,755.775,8.967,754.2003333333333,0.1397577086312908
2021-08-24 07:00:00,755.95,8.94,754.317,0.14034135845336826
2021-08-24 07:15:00,755.775,8.967,754.3753333333333,0.1380064814866192
2021-08-24 07:30:00,755.95,9.163,754.5306666666667,0.13820387005907783
2021-08-24 07:45:00,756.125,9.697,754.6663333333333,0.13859913058206633
2021-08-24 08:00:00,756.125,10.017,754.783,0.1374323685460648
2021-08-24 08:15:00,756.242,10.543,754.783,0.13860505793788602
2021-08-24 08:30:00,756.3,11.093,754.8413333333333,0.13860340534898488
2021-08-24 08:45:00,756.125,11.78,754.958,0.13568507476683617
2021-08-24 09:00:00,756.125,12.55,754.958,0.13568696116143447
2021-08-24 09:15:00,756.3,13.047,754.958,0.13744090477604654
2021-08-24 09:30:00,756.3,13.47,754.997,0.13705145431984275
2021-08-24 09:45:00,756.592,13.913,755.1333333333333,0.13861204062313265
2021-08-24 10:00:00,756.592,14.59,755.3473333333334,0.13647008696546456
2021-08-24 10:15:00,756.942,16.877,755.5613333333333,0.1378392746759922
2021-08-24 10:30:00,756.767,18.727,755.5416666666666,0.13628703153916916
2021-08-24 10:45:00,756.942,19.653,755.5806666666666,0.13765341805479725
2021-08-24 11:00:00,756.942,20.17,755.8336666666667,0.13511717132778592
2021-08-24 11:15:00,756.942,20.51,755.6196666666666,0.1372646486829317
2021-08-24 11:30:00,756.767,20.843,755.425,0.1374628679605159
2021-08-24 11:45:00,756.942,21.027,755.4833333333333,0.13863382478635505
2021-08-24 12:00:00,756.942,20.7,755.5416666666666,0.13804764427877522
2021-08-24 12:15:00,756.592,20.1,755.4833333333333,0.13512035191961225
2021-08-24 12:30:00,756.475,19.487,755.4833333333333,0.13394552090517986
2021-08-24 12:45:00,756.3,19.03,755.25,0.13452954420577373
2021-08-24 13:00:00,756.3,19.343,755.211,0.13492135711725114
2021-08-24 13:15:00,756.3,19.693,755.133,0.1357044605336626
2021-08-24 13:30:00,755.95,19.647,755.0746666666666,0.1327790966660204
2021-08-24 13:45:00,755.95,19.453,754.958,0.13394879313280592
2021-08-24 14:00:00,755.833,20.0,754.861,0.13374932878121
2021-08-24 14:15:00,755.833,20.497,754.667,0.135696399006619
2021-08-24 14:30:00,755.833,21.02,754.6473333333333,0.13589498138036776
2021-08-24 14:45:00,755.658,21.283,754.5693333333332,0.13492244789920246
2021-08-24 15:00:00,755.483,20.977,754.4336666666667,0.13452714772495605
2021-08-24 15:15:00,755.833,20.433,754.317,0.1392071212711811
2021-08-24 15:30:00,755.308,20.093,754.2196666666666,0.13491638479395546
2021-08-24 15:45:00,755.308,19.753,754.064,0.13647689096971732
2021-08-24 16:00:00,755.133,19.727,754.142,0.13393933413414552
2021-08-24 16:15:00,755.133,19.74,754.1030000000001,0.13433051666456272
2021-08-24 16:30:00,755.308,20.377,754.0833333333334,0.1362845885592343
2021-08-24 16:45:00,755.483,21.98,754.1806666666668,0.13706804272749207
2021-08-24 17:00:00,755.308,22.14,754.0446666666667,0.13667712818383077
2021-08-24 17:15:00,755.308,20.95,753.9083333333333,0.1380416910907463
2021-08-24 17:30:00,755.133,19.847,754.025,0.13511307651785953
2021-08-24 17:45:00,755.133,18.767,753.9666666666667,0.13569550690359947
2021-08-24 18:00:00,755.017,17.777,753.85,0.1356997665959349
2021-08-24 18:15:00,755.308,17.19,753.85,0.1386153924518641
2021-08-24 18:30:00,755.017,16.677,753.85,0.13569707174650875
2021-08-24 18:45:00,755.017,16.063,753.85,0.13569556753055634
2021-08-24 19:00:00,755.133,15.57,753.9083333333333,0.13627223013833334
2021-08-24 19:15:00,755.308,15.02,754.025,0.13685529975221128
2021-08-24 19:30:00,755.133,14.65,754.025,0.1351009882676654
2021-08-24 19:45:00,755.308,14.173,754.025,0.13685301845941214
2021-08-24 20:00:00,755.483,13.683,754.064,0.138213998799615
2021-08-24 20:15:00,755.658,13.153,754.2586666666667,0.13801544259482826
2021-08-24 20:30:00,755.775,12.743,754.492,0.13684916692611343
2021-08-24 20:45:00,755.95,12.317,754.5306666666667,0.13821326766121061
2021-08-24 21:00:00,756.125,11.973,754.7246666666666,0.13802198955365436
2021-08-24 21:15:00,756.125,11.72,754.958,0.13568492777504929
2021-08-24 21:30:00,756.417,11.49,755.0553333333334,0.13763342707574647
2021-08-24 21:45:00,756.592,11.27,755.25,0.13743589854479982
2021-08-24 22:00:00,756.767,11.123,755.3083333333333,0.13860349721360496
2021-08-24 22:15:00,756.767,10.913,755.425,0.13743489279097176
2021-08-24 22:30:00,756.767,10.74,755.425,0.1374344054088639
2021-08-24 22:45:00,756.592,10.593,755.3666666666667,0.1362661082778569
2021-08-24 23:00:00,756.942,10.423,755.25,0.1409370364284337
2021-08-24 23:15:00,756.767,10.337,755.25,0.13918500050984325
2021-08-24 23:30:00,756.767,10.29,755.25,0.13918485083307358
2021-08-24 23:45:00,756.942,10.163,755.25,0.1409361129119115
2021-08-25 00:00:00,756.942,9.97,755.25,0.1409354273784931
2021-08-25 00:15:00,756.942,9.863,755.1916666666667,0.1415188994199998
2021-08-25 00:30:00,757.058,9.817,755.1916666666667,0.14267975080644105
2021-08-25 00:45:00,756.767,9.737,755.425,0.13743157971953332
2021-08-25 01:00:00,756.767,9.653,755.425,0.13743134307157343
2021-08-25 01:15:00,756.767,9.52,755.3083333333333,0.1385985885808181
2021-08-25 01:30:00,756.592,9.507,755.1333333333333,0.13859854877281524
2021-08-25 01:45:00,756.417,9.533,755.1916666666667,0.1362633816172976
2021-08-25 02:00:00,756.417,9.533,755.0360000000001,0.13782132482058349
2021-08-25 02:15:00,756.417,9.513,754.997,0.13821158501847552
2021-08-25 02:30:00,756.592,9.413,754.9776666666667,0.14015616491902544
2021-08-25 02:45:00,756.592,9.337,754.8803333333334,0.1411299988210957
2021-08-25 03:00:00,756.417,9.243,755.0360000000001,0.13782048407878503
2021-08-25 03:15:00,756.592,9.197,754.997,0.1399619546690713
2021-08-25 03:30:00,756.767,9.117,755.075,0.14093239753390294
2021-08-25 03:45:00,756.767,9.04,755.1333333333333,0.14034837270992948
2021-08-25 04:00:00,756.592,8.987,755.1916666666667,0.13801321162203908
2021-08-25 04:15:00,756.767,8.907,755.0166666666667,0.14151538665077906
2021-08-25 04:30:00,756.417,8.86,754.9583333333334,0.13859656755920757
2021-08-25 04:45:00,756.767,8.813,755.075,0.14093131772996928
2021-08-25 05:00:00,756.417,8.773,755.1333333333333,0.13684514527779568
2021-08-25 05:15:00,756.767,8.73,755.1916666666667,0.1397635961971366
2021-08-25 05:30:00,756.592,8.71,755.1333333333333,0.13859610823611462
2021-08-25 05:45:00,756.767,8.683,755.25,0.13917973316139545
2021-08-25 06:00:00,756.942,8.663,755.289,0.14054053634311797
2021-08-25 06:15:00,756.942,8.637,755.4253333333334,0.13917625122940694
2021-08-25 06:30:00,757.058,8.603,755.542,0.1391694721443085
2021-08-25 06:45:00,757.233,8.597,755.542,0.14092054426533696
2021-08-25 07:00:00,757.233,8.657,755.6003333333333,0.14033705283905368
2021-08-25 07:15:00,757.408,8.88,755.814,0.13995088641054348
2021-08-25 07:30:00,757.583,9.283,756.0663333333333,0.13917830803679287
2021-08-25 07:45:00,757.583,9.77,756.183,0.13801217717118042
2021-08-25 08:00:00,757.7,10.337,756.222,0.13879461486720526
2021-08-25 08:15:00,757.875,10.947,756.3583333333333,0.13918360606695815
2021-08-25 08:30:00,757.875,11.41,756.475,0.13801699712465906
2021-08-25 08:45:00,757.758,11.39,756.436,0.13723599463696146
2021-08-25 09:00:00,757.875,11.953,756.3969999999999,0.1387996288951871
2021-08-25 09:15:00,757.875,12.193,756.5333333333333,0.13743516092694005
2021-08-25 09:30:00,758.05,12.69,756.65,0.13802075903957037
2021-08-25 09:45:00,758.225,13.327,756.65,0.13977546007754288
2021-08-25 10:00:00,758.225,14.61,756.7083333333334,0.13919526873793225
2021-08-25 10:15:00,758.225,17.287,756.8833333333333,0.13744950837078249
2021-08-25 10:30:00,758.05,19.23,756.9416666666667,0.13511498422490956
2021-08-25 10:45:00,758.05,20.357,756.825,0.13628788078182852
2021-08-25 11:00:00,758.225,21.093,756.9223333333333,0.1370689618556485
2021-08-25 11:15:00,758.4,21.66,757.0196666666667,0.13784979321767132
2021-08-25 11:30:00,757.933,22.07,756.825,0.13511824722791946
2021-08-25 11:45:00,757.933,22.187,756.7666666666667,0.1357038806490882
2021-08-25 12:00:00,757.758,21.79,756.611,0.13550891926942368
2021-08-25 12:15:00,757.583,21.443,756.4163333333333,0.135705403393145
2021-08-25 12:30:00,757.292,20.927,756.2413333333333,0.13454041374215533
2021-08-25 12:45:00,757.292,20.483,756.2026666666667,0.13492730702216943
2021-08-25 13:00:00,757.117,20.643,755.892,0.13628861626558214
2021-08-25 13:15:00,757.117,20.74,755.9503333333333,0.13570368163130583
2021-08-25 13:30:00,757.117,20.837,755.9503333333333,0.13570391920015115
2021-08-25 13:45:00,756.942,20.74,755.7753333333334,0.13570368163130583
2021-08-25 14:00:00,756.942,20.95,755.7946666666667,0.1355102407083473
2021-08-25 14:15:00,756.767,21.653,755.6,0.1357092622653674
2021-08-25 14:30:00,756.592,22.273,755.5416666666666,0.13454003756062713
2021-08-25 14:45:00,756.475,22.147,755.3276666666667,0.13551312377527594
2021-08-25 15:00:00,756.3,21.763,755.133,0.13570953175031
2021-08-25 15:15:00,756.3,20.9,755.1136666666667,0.13590137073639957
2021-08-25 15:30:00,756.125,20.873,755.0360000000001,0.13492485487939834
2021-08-25 15:45:00,755.95,20.927,754.861,0.13492497832982855
2021-08-25 16:00:00,755.833,20.79,754.6086666666666,0.13628230640589548
2021-08-25 16:15:00,755.833,20.893,754.492,0.1374529767740915
2021-08-25 16:30:00,755.658,21.263,754.492,0.13569827399371567
2021-08-25 16:45:00,755.658,21.27,754.5306666666667,0.1353103546584071
2021-08-25 17:00:00,755.483,19.9,754.5693333333332,0.13316404351421007
2021-08-25 17:15:00,755.483,18.647,754.492,0.133937087313669
2021-08-25 17:30:00,755.658,18.237,754.3753333333333,0.13686062219790393
2021-08-25 17:45:00,755.483,18.003,754.142,0.13744484102430374
2021-08-25 18:00:00,755.483,17.4,754.142,0.13744314349588782
2021-08-25 18:15:00,755.308,17.023,754.142,0.13568789547506882
2021-08-25 18:30:00,755.308,16.93,754.1030000000001,0.13607859325797816
2021-08-25 18:45:00,755.308,16.573,754.025,0.13685948257123967
2021-08-25 19:00:00,755.133,16.097,754.025,0.1351043539975155
2021-08-25 19:15:00,755.308,15.69,754.064,0.13646628041313577
2021-08-25 19:30:00,755.308,15.26,754.142,0.13568358006743333
2021-08-25 19:45:00,755.658,14.763,754.2003333333333,0.13860462427429449
2021-08-25 20:00:00,755.483,14.247,754.317,0.13568110048267024
2021-08-25 20:15:00,755.483,13.797,754.3753333333333,0.1350956651344388
2021-08-25 20:30:00,755.775,13.47,754.5889999999999,0.1358795278766945
2021-08-25 20:45:00,756.125,13.207,754.783,0.13744135553406536
2021-08-25 21:00:00,756.125,12.9,754.8413333333333,0.13685626663258602
2021-08-25 21:15:00,756.3,12.623,754.997,0.13704913746519173
2021-08-25 21:30:00,756.417,12.437,755.075,0.13743918626109972
2021-08-25 21:45:00,756.417,12.27,755.0360000000001,0.1378292596836951
2021-08-25 22:00:00,756.417,12.073,754.997,0.13821921633158132
2021-08-25 22:15:00,756.3,11.96,755.0360000000001,0.13665680539686087
2021-08-25 22:30:00,756.417,11.833,754.958,0.13860900901917717
2021-08-25 22:45:00,756.417,11.657,754.997,0.13821797624320162
2021-08-25 23:00:00,756.592,11.397,755.2306666666667,0.13762982386188843
2021-08-25 23:15:00,757.058,11.093,755.542,0.13917739660127493
2021-08-25 23:30:00,756.942,10.907,755.503,0.13840595111935652
2021-08-25 23:45:00,757.058,10.873,755.4639999999999,0.13995755550054947
2021-08-26 00:00:00,757.058,10.807,755.542,0.13917648640260327
2021-08-26 00:15:00,757.058,10.66,755.6003333333333,0.1385920688699825
2021-08-26 00:30:00,757.233,10.543,755.717,0.13917564621921555
2021-08-26 00:45:00,757.233,10.47,755.7556666666667,0.13878835408664997
2021-08-26 01:00:00,757.058,10.383,755.7943333333333,0.13664928417591485
2021-08-26 01:15:00,757.233,10.243,755.717,0.13917469146536418
2021-08-26 01:30:00,757.058,10.09,755.717,0.13742256483466145
2021-08-26 01:45:00,757.408,9.97,755.6586666666667,0.1415092834677555
2021-08-26 02:00:00,757.058,9.977,755.542,0.13917384491694781
2021-08-26 02:15:00,756.942,9.957,755.542,0.1380127267634355
2021-08-26 02:30:00,757.058,9.983,755.4446666666666,0.140148087471022
2021-08-26 02:45:00,756.942,9.95,755.3083333333333,0.14035149358082605
2021-08-26 03:00:00,756.942,9.87,755.3666666666667,0.13976736625726546
2021-08-26 03:15:00,756.942,9.91,755.25,0.14093521425929567
2021-08-26 03:30:00,756.767,9.843,755.25,0.13918342731145558
2021-08-26 03:45:00,756.592,9.723,755.25,0.13743154027820517
2021-08-26 04:00:00,756.767,9.68,755.289,0.13879257636696551
2021-08-26 04:15:00,756.767,9.567,755.328,0.13840190315616221
2021-08-26 04:30:00,756.767,9.5,755.1526666666666,0.14015645975700733
2021-08-26 04:45:00,756.767,9.453,754.997,0.14171421753693475
2021-08-26 05:00:00,756.592,9.38,755.1333333333333,0.13859815987926322
2021-08-26 05:15:00,756.767,9.27,755.1916666666667,0.13976538201509237
2021-08-26 05:30:00,756.592,9.183,755.1333333333333,0.13859755663493445
2021-08-26 05:45:00,756.767,9.103,755.25,0.1391810706984862
2021-08-26 06:00:00,756.942,8.98,755.25,0.1409319109117355
2021-08-26 06:15:00,756.942,8.88,755.289,0.14054128935798438
2021-08-26 06:30:00,756.942,8.86,755.4253333333334,0.13917696124186318
2021-08-26 06:45:00,757.233,8.813,755.542,0.14092131104100258
2021-08-26 07:00:00,756.942,8.807,755.542,0.13800934691800737
2021-08-26 07:15:00,757.058,8.913,755.542,0.13917045872328826
2021-08-26 07:30:00,757.058,9.063,755.6003333333333,0.13858718196267414
2021-08-26 07:45:00,757.058,9.23,755.717,0.13742014381569345
2021-08-26 08:00:00,757.233,9.433,755.6586666666667,0.1397559130770273
2021-08-26 08:15:00,757.233,9.757,755.6003333333333,0.14034082301114428
2021-08-26 08:30:00,757.233,10.27,755.717,0.1391747773932108
2021-08-26 08:45:00,757.408,10.397,755.7753333333334,0.14034301656581372
2021-08-26 09:00:00,757.233,10.6,755.8336666666667,0.13800794291095725
2021-08-26 09:15:00,757.233,11.047,755.7753333333334,0.1385932531111384
2021-08-26 09:30:00,757.233,11.61,755.8336666666667,0.13801090988342482
2021-08-26 09:45:00,757.233,12.35,755.717,0.13918139701991367
2021-08-26 10:00:00,757.408,13.94,755.7753333333334,0.14035515994737469
2021-08-26 10:15:00,757.233,17.38,755.892,0.13744308719312112
2021-08-26 10:30:00,757.117,19.423,755.8336666666667,0.13687050169148604
2021-08-26 10:45:00,757.117,20.72,755.8336666666667,0.1368739959128428
2021-08-26 11:00:00,757.292,21.34,756.0086666666667,0.13687566624225003
2021-08-26 11:15:00,756.942,21.987,755.8336666666667,0.13512139895110895
2021-08-26 11:30:00,757.292,22.453,755.717,0.13980563401497853
2021-08-26 11:45:00,757.117,22.3,755.6196666666666,0.13902574298543205
2021-08-26 12:00:00,756.942,21.75,755.4833333333333,0.13863603872366317
2021-08-26 12:15:00,756.767,21.403,755.4833333333333,0.1368791803422498
2021-08-26 12:30:00,756.592,20.957,755.211,0.13785444424922333
2021-08-26 12:45:00,756.592,20.573,755.0746666666666,0.1392209419916895
2021-08-26 13:00:00,756.475,21.06,754.958,0.13921914910561456
2021-08-26 13:15:00,756.3,21.227,754.8996666666667,0.13804919349845265
2021-08-26 13:30:00,756.125,21.207,754.7443333333333,0.13785182479080957
2021-08-26 13:45:00,755.95,21.173,754.5503333333334,0.13804234633081305
2021-08-26 14:00:00,755.833,21.393,754.278,0.139601467303332
2021-08-26 14:15:00,755.483,21.89,754.239,0.13648247176208964
2021-08-26 14:30:00,755.308,22.6,754.2196666666666,0.13492211258581352
2021-08-26 14:45:00,755.133,22.877,754.064,0.13472871199637534
2021-08-26 15:00:00,755.308,22.537,753.9473333333334,0.13765496968548374
2021-08-26 15:15:00,755.017,21.973,753.558,0.1386400663558378
2021-08-26 15:30:00,754.492,21.47,753.461,0.13434429063630704
2021-08-26 15:45:00,754.492,21.347,753.267,0.1362904266871347
2021-08-26 16:00:00,754.375,21.093,753.2473333333334,0.13531327992775286
2021-08-26 16:15:00,754.375,20.233,753.1693333333333,0.13609363575375624
2021-08-26 16:30:00,754.375,19.7,753.1306666666667,0.13648009574108377
2021-08-26 16:45:00,754.375,20.063,753.1693333333333,0.13609320547774065
2021-08-26 17:00:00,754.2,19.68,753.092,0.13511268807495502
2021-08-26 17:15:00,754.2,19.123,753.092,0.13511139248993326
2021-08-26 17:30:00,754.317,17.877,753.1306666666667,0.13589384210831604
2021-08-26 17:45:00,754.492,15.533,753.2663333333334,0.1362821558103743
2021-08-26 18:00:00,754.492,14.08,753.3246666666666,0.1356940487006298
2021-08-26 18:15:00,754.842,14.067,753.3246666666666,0.1392002183525868
2021-08-26 18:30:00,754.492,14.457,753.286,0.13608235600580743
2021-08-26 18:45:00,754.025,14.63,752.742,0.1368542493340393
2021-08-26 19:00:00,754.317,14.797,752.8586666666666,0.1386114078168702
2021-08-26 19:15:00,754.667,14.917,753.2863333333333,0.13783359379260848
2021-08-26 19:30:00,755.133,14.02,753.7916666666666,0.13743696753496168
2021-08-26 19:45:00,755.483,13.623,754.025,0.13860447474080803
2021-08-26 20:00:00,755.775,13.423,754.1806666666666,0.13996942724453534
2021-08-26 20:15:00,756.125,13.3,754.492,0.1403563050955201
2021-08-26 20:30:00,755.95,12.927,754.5306666666667,0.13821508520632825
2021-08-26 20:45:00,756.125,12.623,754.6663333333333,0.13860809044453315
2021-08-26 21:00:00,755.95,12.57,754.783,0.13568701015869825
2021-08-26 21:15:00,756.417,12.657,754.8413333333333,0.13977992131502948
2021-08-26 21:30:00,756.417,12.663,755.1136666666666,0.13705258513688373
2021-08-26 21:45:00,756.417,12.523,755.3083333333333,0.13510271717233038
2021-08-26 22:00:00,756.417,12.33,755.075,0.13743888481667463
2021-08-26 22:15:00,756.417,12.16,754.9776666666667,0.13841307417212026
2021-08-26 22:30:00,756.125,11.98,754.7246666666666,0.13802201013152485
2021-08-26 22:45:00,755.95,11.847,754.511,0.1384087907353312
2021-08-26 23:00:00,755.95,11.727,754.317,0.140350912648708
2021-08-26 23:15:00,755.95,11.63,754.3753333333333,0.13976651163254364
2021-08-26 23:30:00,755.95,11.497,754.492,0.1385979675768888
2021-08-26 23:45:00,755.95,11.35,754.492,0.1385975176459874
2021-08-27 00:00:00,755.95,11.183,754.5306666666667,0.13820988881504112
2021-08-27 00:15:00,755.775,11.04,754.511,0.13665436418279162
2021-08-27 00:30:00,755.775,10.94,754.317,0.13859626273666914
2021-08-27 00:45:00,755.775,10.787,754.2586666666667,0.13917975969666355
2021-08-27 01:00:00,755.6,10.673,754.142,0.1385954455152375
2021-08-27 01:15:00,755.6,10.463,754.142,0.13859480275680694
2021-08-27 01:30:00,755.6,10.27,754.0446666666667,0.13956849413296477
2021-08-27 01:45:00,755.308,10.123,753.85,0.13859376210029886
2021-08-27 02:00:00,755.308,9.923,753.85,0.1385931499494126
2021-08-27 02:15:00,754.958,9.69,753.7916666666666,0.13567328219956945
2021-08-27 02:30:00,754.958,9.593,753.636,0.1372310075091889
2021-08-27 02:45:00,754.958,9.533,753.558,0.13801148062912114
2021-08-27 03:00:00,754.958,9.433,753.4996666666667,0.13859498617658203
2021-08-27 03:15:00,754.958,9.393,753.4413333333333,0.13917865826715098
2021-08-27 03:30:00,754.958,9.203,753.4996666666667,0.13859428204211782
2021-08-27 03:45:00,754.958,8.973,753.3246666666666,0.14034480725657225
2021-08-27 04:00:00,754.667,8.833,753.1693333333333,0.13898674738815553
2021-08-27 04:15:00,754.667,8.717,753.1306666666667,0.13937330019527538
2021-08-27 04:30:00,754.667,8.597,753.1693333333333,0.13898600539802303
2021-08-27 04:45:00,754.667,8.483,753.0336666666667,0.14034312713051159
2021-08-27 05:00:00,754.667,8.38,752.8196666666666,0.14248401087606694
2021-08-27 05:15:00,754.492,8.36,752.664,0.1422904890467449
2021-08-27 05:30:00,754.492,8.353,752.742,0.14151001576726718
2021-08-27 05:45:00,754.317,8.32,752.742,0.13975890508031305
2021-08-27 06:00:00,754.317,8.213,752.742,0.1397585512986666
2021-08-27 06:15:00,754.317,8.07,752.8003333333334,0.1391744459510989
2021-08-27 06:30:00,754.492,8.003,752.8586666666666,0.14034148129273938
2021-08-27 06:45:00,754.492,7.857,752.742,0.14150819358973202
2021-08-27 07:00:00,754.492,7.89,752.8003333333334,0.14092470432920595
2021-08-27 07:15:00,754.492,8.07,752.9753333333333,0.1391744459511004
2021-08-27 07:30:00,754.667,8.47,753.092,0.13975940103589218
2021-08-27 07:45:00,754.667,8.86,753.092,0.1397606905203979
2021-08-27 08:00:00,754.667,9.097,753.092,0.13976147413021295
2021-08-27 08:15:00,754.492,9.42,753.1306666666667,0.13762417394432813
2021-08-27 08:30:00,754.667,9.843,753.208,0.13860291394028618
2021-08-27 08:45:00,754.842,10.09,753.208,0.14035531017139208
2021-08-27 09:00:00,754.667,10.31,753.208,0.13860434429297064
2021-08-27 09:15:00,754.842,10.667,753.208,0.14035728941307338
2021-08-27 09:30:00,754.842,11.25,753.208,0.14035928923612395
2021-08-27 09:45:00,754.667,11.747,753.2663333333334,0.1380246627984944
2021-08-27 10:00:00,754.842,13.027,753.4413333333333,0.13802842650479377
2021-08-27 10:15:00,754.842,15.737,753.4996666666667,0.13745182355337202
2021-08-27 10:30:00,754.667,17.777,753.383,0.13687275090761006
2021-08-27 10:45:00,755.017,18.923,753.383,0.14038560937723396
2021-08-27 11:00:00,754.667,19.76,753.383,0.13687809604288548
2021-08-27 11:15:00,754.667,20.47,753.2860000000001,0.13785303238282387
2021-08-27 11:30:00,754.492,21.163,753.092,0.13804566115288713
2021-08-27 11:45:00,754.492,21.227,753.092,0.13804584924863272
2021-08-27 12:00:00,754.317,20.697,753.1503333333334,0.13570357631728164
2021-08-27 12:15:00,754.375,20.17,753.1503333333334,0.1362840563784299
2021-08-27 12:30:00,754.025,19.787,752.878,0.13550409629087545
2021-08-27 12:45:00,753.85,19.323,752.6443333333333,0.13609133251155514
2021-08-27 13:00:00,753.558,19.747,752.333,0.13628631209270195
2021-08-27 13:15:00,753.558,20.147,752.333,0.1362873407413105
2021-08-27 13:30:00,753.675,20.46,752.4303333333334,0.13648542473200787
2021-08-27 13:45:00,753.85,19.33,752.664,0.13589411780870325
2021-08-27 14:00:00,754.2,18.03,752.8003333333334,0.13803311126565684
2021-08-27 14:15:00,753.85,17.09,752.7613333333334,0.1349128651361216
2021-08-27 14:30:00,753.675,16.54,752.45,0.1362780649024813
2021-08-27 14:45:00,753.675,15.44,752.3526666666667,0.13725057460770373
2021-08-27 15:00:00,753.208,14.007,752.0413333333333,0.13568719141444524
2021-08-27 15:15:00,753.033,14.133,751.808,0.13627187500947927
2021-08-27 15:30:00,752.858,15.02,751.7693333333333,0.13490813431819232
2021-08-27 15:45:00,752.858,15.187,751.692,0.1356834013806736
2021-08-27 16:00:00,752.858,15.1,751.5753333333333,0.1368521752602195
2021-08-27 16:15:00,752.567,15.107,751.342,0.1362743797688426
2021-08-27 16:30:00,752.392,15.233,751.2446666666666,0.13549647087239117
2021-08-27 16:45:00,752.392,15.333,751.1473333333333,0.1364720283556761
2021-08-27 17:00:00,752.567,15.393,751.342,0.13627511525259772
2021-08-27 17:15:00,752.858,15.313,751.303,0.1395816198433237
2021-08-27 17:30:00,752.742,15.193,751.225,0.13920046498630034
2021-08-27 17:45:00,752.567,15.12,751.264,0.13705596767305905
2021-08-27 18:00:00,752.742,14.943,751.342,0.1380273805976135
2021-08-27 18:15:00,752.567,14.723,751.4003333333334,0.13568894501540651
2021-08-27 18:30:00,752.858,13.883,751.517,0.1374332426543641
2021-08-27 18:45:00,752.858,13.817,751.5753333333333,0.136848720551565
2021-08-27 19:00:00,752.858,14.133,751.7306666666667,0.13529346429443723
2021-08-27 19:15:00,753.208,13.617,751.9246666666667,0.13685485986481116
2021-08-27 19:30:00,753.383,12.853,752.197,0.13587799170126108
2021-08-27 19:45:00,753.5,11.657,752.275,0.13626550767459375
2021-08-27 20:00:00,753.85,11.027,752.3333333333334,0.13918386077994843
2021-08-27 20:15:00,753.85,10.78,752.5083333333333,0.13743118115894992
2021-08-27 20:30:00,754.2,10.647,752.8193333333334,0.13782121758238441
2021-08-27 20:45:00,754.667,10.933,753.208,0.13860625245083452
2021-08-27 21:00:00,754.842,11.027,753.3636666666666,0.13880009287012463
2021-08-27 21:15:00,754.958,10.86,753.7333333333333,0.13626012109684013
2021-08-27 21:30:00,755.133,10.687,753.85,0.1368436293369812
2021-08-27 21:45:00,755.133,10.553,753.6943333333334,0.13840154495149154
2021-08-27 22:00:00,754.667,10.383,753.3246666666666,0.1374367363166465
2021-08-27 22:15:00,754.492,10.363,753.0526666666666,0.13840764441475362
2021-08-27 22:30:00,753.85,10.443,752.703,0.135481597083917
2021-08-27 22:45:00,754.025,10.517,752.5666666666667,0.1385983047929263
2021-08-27 23:00:00,753.675,10.543,752.2943333333334,0.137820916147753
2021-08-27 23:15:00,753.383,10.587,751.983,0.1380145783309324
2021-08-27 23:30:00,753.5,10.727,751.983,0.13918624250857184
2021-08-27 23:45:00,753.383,10.727,751.983,0.13801498979037582
2021-08-28 00:00:00,753.383,10.633,752.0413333333333,0.1374307671278835
2021-08-28 00:15:00,753.5,10.49,752.2553333333334,0.136459374045051
2021-08-28 00:30:00,753.85,10.377,752.5083333333333,0.13743004609419363
2021-08-28 00:45:00,754.2,10.31,752.664,0.1393751013255682
2021-08-28 01:00:00,754.2,10.283,752.8003333333334,0.13801034828450345
2021-08-28 01:15:00,754.317,10.263,752.917,0.13801362609621898
2021-08-28 01:30:00,754.025,10.223,752.8196666666666,0.13606496353989073
2021-08-28 01:45:00,753.85,10.217,752.5666666666667,0.13684569999386975
2021-08-28 02:00:00,753.85,10.243,752.45,0.1380135673163
2021-08-28 02:15:00,754.025,10.21,752.45,0.13976515412060858
2021-08-28 02:30:00,753.85,10.097,752.45,0.13801313822288042
2021-08-28 02:45:00,753.85,10.017,752.3916666666667,0.13859677406583173
2021-08-28 03:00:00,753.85,10.01,752.275,0.13976449284650458
2021-08-28 03:15:00,753.675,10.09,752.236,0.13840348307015432
2021-08-28 03:30:00,753.85,10.15,752.197,0.14054569640351738
2021-08-28 03:45:00,753.5,10.063,752.275,0.13626140850988863
2021-08-28 04:00:00,753.675,9.963,752.236,0.13840309941991114
2021-08-28 04:15:00,753.675,9.917,752.158,0.13918366297275103
2021-08-28 04:30:00,753.5,9.883,752.158,0.13743199103622403
2021-08-28 04:45:00,753.5,9.89,752.0996666666666,0.1380158661673348
2021-08-28 05:00:00,753.383,9.89,751.9246666666667,0.13859638526114784
2021-08-28 05:15:00,753.5,9.883,751.808,0.1409351183556568
2021-08-28 05:30:00,753.383,9.83,751.808,0.13976389769980813
2021-08-28 05:45:00,753.208,9.743,751.808,0.13801209781828627
2021-08-28 06:00:00,753.383,9.64,751.808,0.1397632694894079
2021-08-28 06:15:00,753.5,9.5,751.8663333333333,0.14034995029302078
2021-08-28 06:30:00,753.383,9.357,752.0803333333333,0.1370368678175317
2021-08-28 06:45:00,753.675,9.143,752.3333333333334,0.13742657048647688
2021-08-28 07:00:00,753.85,8.92,752.45,0.13800967902455963
2021-08-28 07:15:00,753.675,8.887,752.45,0.13625838428297798
2021-08-28 07:30:00,754.025,9.123,752.45,0.13976156009584517
2021-08-28 07:45:00,754.025,9.547,752.5083333333333,0.13917914858965438
2021-08-28 08:00:00,754.025,9.937,752.664,0.13762231508968836
2021-08-28 08:15:00,753.85,10.25,752.703,0.13548113236356776
2021-08-28 08:30:00,754.025,10.51,752.664,0.13762395222173598
2021-08-28 08:45:00,754.142,10.64,752.742,0.1380147340977217
2021-08-28 09:00:00,754.2,10.853,752.8003333333334,0.13801202311337366
2021-08-28 09:15:00,754.2,11.197,752.917,0.13684500296074603
2021-08-28 09:30:00,754.2,11.45,752.917,0.13684568438586783
2021-08-28 09:45:00,754.2,11.747,752.9753333333333,0.13626240150444463
2021-08-28 10:00:00,754.492,13.1,753.092,0.13802196402794187
2021-08-28 10:15:00,754.492,15.657,753.092,0.13802947904077645
2021-08-28 10:30:00,754.317,17.81,753.1503333333334,0.13569650558267943
2021-08-28 10:45:00,754.2,18.873,753.2086666666667,0.1339409000842444
2021-08-28 11:00:00,754.2,19.673,753.0336666666667,0.135697725211616
2021-08-28 11:15:00,754.2,20.043,752.917,0.13686882859959032
2021-08-28 11:30:00,754.2,20.467,752.917,0.13686997059267983
2021-08-28 11:45:00,754.2,20.733,752.917,0.1368706870317407
2021-08-28 12:00:00,753.85,20.42,752.878,0.1337501857924522
2021-08-28 12:15:00,754.2,20.343,752.8389999999999,0.1376520463219558
2021-08-28 12:30:00,754.025,19.6,752.878,0.13550364601779097
2021-08-28 12:45:00,753.85,19.317,752.8,0.1345301768246695
2021-08-28 13:00:00,753.675,19.773,752.7416666666667,0.13336105063227394
2021-08-28 13:15:00,753.558,20.133,752.5276666666666,0.13433470991756197
2021-08-28 13:30:00,753.383,19.9,752.2746666666667,0.1351165431173842
2021-08-28 13:45:00,753.208,20.023,752.0996666666666,0.13511682930212357
2021-08-28 14:00:00,753.208,19.773,752.0413333333333,0.1357013132903428
2021-08-28 14:15:00,753.208,19.23,752.0413333333333,0.13569998339464173
2021-08-28 14:30:00,753.033,18.613,751.8663333333333,0.13569847226085396
2021-08-28 14:45:00,752.858,18.09,751.8276666666667,0.13433029098798863
2021-08-28 15:00:00,752.742,18.03,751.517,0.1362818966185467
2021-08-28 15:15:00,752.567,18.42,751.517,0.13452819961509255
2021-08-28 15:30:00,752.567,18.733,751.4196666666667,0.13550490089265468
2021-08-28 15:45:00,752.742,18.34,751.3223333333334,0.1382345559141691
2021-08-28 16:00:00,752.567,18.237,751.517,0.1345277962378882
2021-08-28 16:15:00,752.742,17.553,751.517,0.136280669955081
2021-08-28 16:30:00,752.567,16.4,751.4586666666667,0.13510839964923457
2021-08-28 16:45:00,752.567,16.293,751.303,0.13666830298442972
2021-08-28 17:00:00,752.392,16.507,751.225,0.13569665526977925
2021-08-28 17:15:00,752.392,16.75,751.225,0.13569725058651613
2021-08-28 17:30:00,752.392,16.837,751.225,0.1356974637246071
2021-08-28 17:45:00,752.567,16.857,751.3806666666667,0.1358913018500808
2021-08-28 18:00:00,753.033,16.247,751.7306666666667,0.13705236890005032
2021-08-28 18:15:00,753.208,15.857,751.9246666666667,0.13686089460331474
2021-08-28 18:30:00,753.558,15.897,752.0413333333333,0.13919936643313935
2021-08-28 18:45:00,752.858,15.67,751.6526666666666,0.1360787462780409
2021-08-28 19:00:00,752.858,15.18,751.4003333333334,0.13860590031709047
2021-08-28 19:15:00,752.858,15.253,751.5753333333333,0.13685258724028507
2021-08-28 19:30:00,752.567,15.353,751.692,0.13276786599124063
2021-08-28 19:45:00,752.858,15.153,751.692,0.13568331815670334
2021-08-28 20:00:00,753.208,14.287,751.8863333333334,0.1372406951484099
2021-08-28 20:15:00,753.5,13.783,752.236,0.1366616427156104
2021-08-28 20:30:00,753.5,13.293,752.197,0.1370509701601356
2021-08-28 20:45:00,753.675,12.737,752.3916666666667,0.13685248907468478
2021-08-28 21:00:00,754.025,12.25,752.7223333333334,0.13704477920576097
2021-08-28 21:15:00,754.492,11.853,752.9753333333333,0.13918649069155767
2021-08-28 21:30:00,754.2,11.657,753.092,0.13509402653342964
2021-08-28 21:45:00,754.492,11.727,753.1306666666667,0.13763076694372703
2021-08-28 22:00:00,754.492,11.867,753.1693333333333,0.1372439938322642
2021-08-28 22:15:00,754.667,11.953,753.1306666666667,0.139383736936833
2021-08-28 22:30:00,754.667,11.68,753.208,0.13860854040255893
2021-08-28 22:45:00,754.667,11.51,753.208,0.13860801971742753
2021-08-28 23:00:00,754.492,11.37,753.2663333333334,0.13627144432377097
2021-08-28 23:15:00,754.667,11.15,753.4413333333333,0.13627087825914144
2021-08-28 23:30:00,754.842,11.0,753.4996666666667,0.13743847498400916
2021-08-28 23:45:00,754.667,11.013,753.383,0.13685451868622678
2021-08-29 00:00:00,754.958,10.967,753.4413333333333,0.13918366974520535
2021-08-29 00:15:00,755.133,10.773,753.4996666666667,0.14035097914822364
2021-08-29 00:30:00,754.842,10.58,753.3246666666666,0.1391891111700551
2021-08-29 00:45:00,754.667,10.47,753.208,0.1386048343495649
2021-08-29 01:00:00,754.492,10.37,753.208,0.1368527854930941
2021-08-29 01:15:00,754.667,10.23,753.208,0.1386040992646735
2021-08-29 01:30:00,754.492,10.09,753.208,0.13685203075891503
2021-08-29 01:45:00,754.492,9.957,753.208,0.13685167226017997
2021-08-29 02:00:00,754.492,9.777,753.208,0.13685118707392196
2021-08-29 02:15:00,754.492,9.64,753.111,0.13782163502531602
2021-08-29 02:30:00,754.2,9.473,752.8586666666666,0.13742416391914145
2021-08-29 02:45:00,754.317,9.337,752.742,0.13976226765913954
2021-08-29 03:00:00,754.317,9.17,752.8003333333334,0.13917794825469473
2021-08-29 03:15:00,754.317,9.063,752.8586666666666,0.13859385343853242
2021-08-29 03:30:00,754.317,8.907,752.742,0.13976084591981272
2021-08-29 03:45:00,754.317,8.907,752.742,0.13976084591981272
2021-08-29 04:00:00,754.317,8.813,752.703,0.1401507959906442
2021-08-29 04:15:00,754.2,8.743,752.625,0.1397603036750462
2021-08-29 04:30:00,754.317,8.723,752.664,0.1405407445499935
2021-08-29 04:45:00,754.317,8.677,752.742,0.13976008545459137
2021-08-29 05:00:00,754.142,8.84,752.703,0.13839970698508358
2021-08-29 05:15:00,754.142,9.053,752.5666666666667,0.1397646643808398
2021-08-29 05:30:00,754.142,8.94,752.5083333333333,0.14034802975708385
2021-08-29 05:45:00,754.317,8.597,752.5666666666667,0.1415142475728937
2021-08-29 06:00:00,754.2,8.287,752.5083333333333,0.140926114190092
2021-08-29 06:15:00,754.317,8.287,752.625,0.14092944938500515
2021-08-29 06:30:00,754.492,8.26,752.664,0.14229010529783545
2021-08-29 06:45:00,754.492,8.173,752.8003333333334,0.14092570934338813
2021-08-29 07:00:00,754.667,8.167,752.9753333333333,0.14092568803566846
2021-08-29 07:15:00,754.842,8.32,753.092,0.14150989453368118
2021-08-29 07:30:00,754.492,8.61,753.092,0.13800876793579203
2021-08-29 07:45:00,754.667,8.927,753.092,0.13976091204722327
2021-08-29 08:00:00,754.667,9.13,753.092,0.13976158324044036
2021-08-29 08:15:00,754.842,9.527,753.189,0.14054353452212673
2021-08-29 08:30:00,754.842,9.68,753.3246666666666,0.13918624438936156
2021-08-29 08:45:00,754.842,10.003,753.2663333333334,0.13977114249331826
2021-08-29 09:00:00,754.842,10.337,753.383,0.13860442699002093
2021-08-29 09:15:00,754.842,10.72,753.4413333333333,0.13802164301226827
2021-08-29 09:30:00,754.842,11.243,753.558,0.13685513864644533
2021-08-29 09:45:00,754.958,11.63,753.558,0.13801764370378444
2021-08-29 10:00:00,754.958,12.67,753.558,0.13802070025964988
2021-08-29 10:15:00,755.133,15.24,753.597,0.13939099810314912
2021-08-29 10:30:00,755.133,17.293,753.7333333333333,0.13803094574130914
2021-08-29 10:45:00,755.133,18.727,753.811,0.13725635666059227
2021-08-29 11:00:00,755.017,19.447,753.733,0.1368772523578939
2021-08-29 11:15:00,754.842,19.807,753.733,0.13512301324612513
2021-08-29 11:30:00,754.842,19.613,753.6746666666667,0.13570760766502069
2021-08-29 11:45:00,755.017,19.41,753.6163333333333,0.1380471950495678
2021-08-29 12:00:00,754.842,18.88,753.733,0.13512085509306088
2021-08-29 12:15:00,755.017,18.733,753.733,0.13687532778573727
2021-08-29 12:30:00,754.842,18.56,753.6746666666667,0.13570502722231265
2021-08-29 12:45:00,754.842,18.36,753.558,0.13687432237199007
2021-08-29 13:00:00,754.667,18.567,753.558,0.1351201263962858
2021-08-29 13:15:00,754.667,18.64,753.4996666666667,0.1357052232673427
2021-08-29 13:30:00,755.017,18.347,753.383,0.14038363356578087
2021-08-29 13:45:00,754.842,18.177,753.383,0.1386284397631392
2021-08-29 14:00:00,755.017,18.553,753.383,0.1403843401927936
2021-08-29 14:15:00,754.842,19.13,753.3246666666666,0.1392163455866441
2021-08-29 14:30:00,754.375,18.943,753.1693333333333,0.13609037071810853
2021-08-29 14:45:00,754.317,18.64,753.0336666666667,0.1368683922270895
2021-08-29 15:00:00,754.2,18.707,752.8196666666666,0.13784123627966502
2021-08-29 15:15:00,753.85,18.62,752.5666666666667,0.1368683383454972
2021-08-29 15:30:00,753.675,18.573,752.5083333333333,0.13569837429431833
2021-08-29 15:45:00,753.675,18.17,752.5083333333333,0.13569738728148678
2021-08-29 16:00:00,753.675,17.95,752.275,0.13803621815865905
2021-08-29 16:15:00,753.675,18.003,752.236,0.13842738719908598
2021-08-29 16:30:00,753.558,18.747,752.2553333333334,0.13706254632962384
2021-08-29 16:45:00,753.675,19.853,752.3916666666667,0.13687166014575236
2021-08-29 17:00:00,753.558,18.887,752.3333333333334,0.13628075788581273
2021-08-29 17:15:00,753.675,18.243,752.45,0.13628244437393225
2021-08-29 17:30:00,753.675,18.607,752.45,0.13628338044416605
2021-08-29 17:45:00,753.558,18.077,752.5083333333333,0.13452410151279232
2021-08-29 18:00:00,753.85,17.057,752.625,0.13627939443080936
2021-08-29 18:15:00,753.675,16.427,752.7223333333334,0.13354826638798178
2021-08-29 18:30:00,754.2,16.133,753.0723333333334,0.13530153816279913
2021-08-29 18:45:00,754.667,15.133,753.383,0.13686562406057615
2021-08-29 19:00:00,754.492,12.133,753.4413333333333,0.13452101728647875
2021-08-29 19:15:00,754.842,10.887,753.597,0.13646374838358905
2021-08-29 19:30:00,754.958,10.64,753.5776666666667,0.1378178604520615
2021-08-29 19:45:00,754.492,10.7,753.2276666666667,0.13665679887842125
2021-08-29 20:00:00,754.025,10.92,752.9753333333333,0.13450833072507118
2021-08-29 20:15:00,754.317,11.007,753.0336666666667,0.13684782831682263
2021-08-29 20:30:00,754.2,10.92,752.9753333333333,0.13626027535214874
2021-08-29 20:45:00,754.492,10.847,753.1306666666667,0.1376282520588241
2021-08-29 21:00:00,754.492,10.58,753.208,0.1368533515437284
2021-08-29 21:15:00,754.842,10.377,753.422,0.13821416058664873
2021-08-29 21:30:00,755.308,10.27,753.9083333333333,0.13801031008665204
2021-08-29 21:45:00,755.483,10.177,754.025,0.13859392738103815
2021-08-29 22:00:00,755.308,10.07,754.025,0.13684196752156702
2021-08-29 22:15:00,755.483,10.043,754.064,0.13820315566768232
2021-08-29 22:30:00,755.483,10.143,754.2003333333333,0.13683882764462932
2021-08-29 22:45:00,755.6,10.55,754.2586666666667,0.13742719657676916
2021-08-29 23:00:00,755.483,10.887,754.1030000000001,0.1378152391721685
2021-08-29 23:15:00,755.483,10.94,754.025,0.13859626273666914
2021-08-29 23:30:00,755.483,10.9,753.9666666666667,0.13918011939968575
2021-08-29 23:45:00,755.308,10.867,753.85,0.13859603930159567
2021-08-30 00:00:00,755.308,10.933,753.85,0.13859624131138812
2021-08-30 00:15:00,754.958,10.893,753.7916666666666,0.13567622770127155
2021-08-30 00:30:00,754.958,10.84,753.636,0.1372344682483833
2021-08-30 00:45:00,754.842,10.82,753.6553333333334,0.13587960397536614
2021-08-30 01:00:00,755.308,10.833,753.85,0.138595935235945
2021-08-30 01:15:00,755.308,10.793,753.7916666666666,0.13917977879594062
2021-08-30 01:30:00,754.958,10.753,753.636,0.13723422680146277
2021-08-30 01:45:00,754.842,10.68,753.4413333333333,0.1380215253964464
2021-08-30 02:00:00,754.667,10.593,753.1693333333333,0.1389922808738895
2021-08-30 02:15:00,754.492,10.51,753.0336666666667,0.13859828336274696
2021-08-30 02:30:00,754.2,10.437,752.8586666666666,0.13742687838706583
2021-08-30 02:45:00,754.317,10.363,752.8003333333334,0.13918174666214
2021-08-30 03:00:00,754.317,10.323,752.8196666666666,0.13898809536724407
2021-08-30 03:15:00,754.2,10.317,752.625,0.13976550790225653
2021-08-30 03:30:00,754.025,10.237,752.625,0.13801354968232235
2021-08-30 03:45:00,754.025,10.077,752.625,0.13801307944295843
2021-08-30 04:00:00,753.85,9.883,752.5666666666667,0.13684480017125358
2021-08-30 04:15:00,754.025,9.667,752.45,0.13976335876141216
2021-08-30 04:30:00,753.675,9.44,752.3916666666667,0.13684360669394982
2021-08-30 04:45:00,753.675,9.277,752.275,0.13801072824613886
2021-08-30 05:00:00,753.675,9.17,752.236,0.13840070387154227
2021-08-30 05:15:00,753.5,9.097,752.158,0.13742977668745648
2021-08-30 05:30:00,753.675,8.9,752.158,0.13918042422222418
2021-08-30 05:45:00,753.675,8.677,752.0996666666666,0.1397634209224113
2021-08-30 06:00:00,753.675,8.483,752.0413333333333,0.1403464624625779
2021-08-30 06:15:00,753.675,8.28,752.158,0.1391784497627093
2021-08-30 06:30:00,753.675,8.147,752.197,0.13878781986640956
2021-08-30 06:45:00,753.85,8.03,752.275,0.1397579462328601
2021-08-30 07:00:00,753.675,8.01,752.275,0.13800700453817588
2021-08-30 07:15:00,753.85,8.153,752.3916666666667,0.13859106751521755
2021-08-30 07:30:00,753.85,8.373,752.5666666666667,0.13684073211092304
2021-08-30 07:45:00,753.85,8.657,752.5083333333333,0.13742520164907998
2021-08-30 08:00:00,753.675,9.063,752.5666666666667,0.13509132861328316
2021-08-30 08:15:00,753.85,9.763,752.45,0.13801215659820823
2021-08-30 08:30:00,753.675,10.017,752.5083333333333,0.1356774192526639
2021-08-30 08:45:00,753.85,10.203,752.625,0.13626176853690164
2021-08-30 09:00:00,753.85,10.343,752.5666666666667,0.13684603944791057
2021-08-30 09:15:00,754.025,10.497,752.5083333333333,0.13918217330639623
2021-08-30 09:30:00,753.675,10.86,752.625,0.13451153550763384
2021-08-30 09:45:00,753.85,11.443,752.625,0.13626495734758817
2021-08-30 10:00:00,753.85,12.59,752.5666666666667,0.13685209304497195
2021-08-30 10:15:00,753.85,14.91,752.5083333333333,0.1374428134602984
2021-08-30 10:30:00,753.675,16.647,752.625,0.134524291485129
2021-08-30 10:45:00,753.675,17.693,752.625,0.1345265971275102
2021-08-30 11:00:00,753.558,18.33,752.5276666666666,0.13433081009865933
2021-08-30 11:15:00,753.675,19.077,752.333,0.13745789271888148
2021-08-30 11:30:00,753.383,19.383,752.372,0.13413919604793073
2021-08-30 11:45:00,753.208,19.567,752.2943333333334,0.1331634048052962
2021-08-30 12:00:00,753.033,19.037,751.9443333333332,0.13491731484747826
2021-08-30 12:15:00,753.208,18.7,751.9056666666667,0.1370590753188061
2021-08-30 12:30:00,752.858,18.23,751.8276666666667,0.13433059380254567
2021-08-30 12:45:00,752.858,17.76,751.5753333333333,0.13685933778946419
2021-08-30 13:00:00,752.567,18.21,751.5946666666666,0.1337490184195662
2021-08-30 13:15:00,752.392,18.297,751.3806666666667,0.13414023334821604
2021-08-30 13:30:00,752.392,18.09,751.2446666666666,0.13550335217750342
2021-08-30 13:45:00,752.392,17.767,751.05,0.13745420213760373
2021-08-30 14:00:00,752.392,17.453,751.1083333333333,0.1368685359634221
2021-08-30 14:15:00,752.1,17.117,751.0693333333334,0.134331527800621
2021-08-30 14:30:00,751.75,16.613,750.8553333333333,0.1329673006969271
2021-08-30 14:45:00,752.392,15.5,751.05,0.13744781545992435
2021-08-30 15:00:00,752.217,14.067,750.9916666666667,0.13627504452199182
2021-08-30 15:15:00,751.75,13.843,750.7776666666666,0.13374010448730794
2021-08-30 15:30:00,751.75,14.187,750.486,0.13666271472700453
2021-08-30 15:45:00,751.4,14.497,750.292,0.13510063238883388
2021-08-30 16:00:00,751.283,14.757,750.2336666666666,0.13451344601352974
2021-08-30 16:15:00,751.108,14.63,750.117,0.1339287303897369
2021-08-30 16:30:00,751.283,14.443,750.117,0.13568158024438276
2021-08-30 16:45:00,751.108,14.457,750.117,0.133928370482383
2021-08-30 17:00:00,751.108,14.427,750.117,0.13392830807070316
2021-08-30 17:15:00,751.108,14.393,750.0196666666667,0.13490336189264276
2021-08-30 17:30:00,751.108,14.427,749.825,0.1368537025779124
2021-08-30 17:45:00,750.933,14.497,749.8833333333333,0.13451621281361087
2021-08-30 18:00:00,750.933,14.59,749.9416666666667,0.13393198677967022
2021-08-30 18:15:00,751.108,14.577,749.8833333333333,0.13626967721302521
2021-08-30 18:30:00,751.108,14.387,749.9416666666667,0.13568478263306316
2021-08-30 18:45:00,751.108,14.027,749.8833333333333,0.13626826320605695
2021-08-30 19:00:00,750.933,13.663,749.9416666666667,0.13393005761008406
2021-08-30 19:15:00,751.108,13.49,749.8833333333333,0.1362668826210716
2021-08-30 19:30:00,751.108,13.333,750.039,0.13470729398727288
2021-08-30 19:45:00,751.4,13.24,750.117,0.13685050553593772
2021-08-30 20:00:00,751.4,13.133,750.1753333333334,0.13626596480200162
2021-08-30 20:15:00,751.4,12.94,750.292,0.13509701079838704
2021-08-30 20:30:00,751.575,12.777,750.389,0.1358778024802999
2021-08-30 20:45:00,751.75,12.53,750.583,0.13568691216417217
2021-08-30 21:00:00,751.925,12.147,750.583,0.13743836926219058
2021-08-30 21:15:00,751.75,11.82,750.6413333333334,0.13510108100665114
2021-08-30 21:30:00,752.1,11.537,750.758,0.13743665074724376
2021-08-30 21:45:00,752.1,11.33,750.797,0.13704560063748952
2021-08-30 22:00:00,752.1,11.177,750.836,0.13665472771140846
2021-08-30 22:15:00,752.217,11.027,750.758,0.13860654035908362
2021-08-30 22:30:00,752.1,10.873,750.758,0.1374347801014656
2021-08-30 22:45:00,752.217,10.8,750.797,0.1382154215419002
2021-08-30 23:00:00,752.217,10.787,750.875,0.13743453781903045
2021-08-30 23:15:00,752.1,10.74,750.875,0.13626314949765714
2021-08-30 23:30:00,752.1,10.647,750.875,0.13626291033685564
2021-08-30 23:45:00,752.1,10.567,750.875,0.13626270460713394
2021-08-31 00:00:00,752.1,10.56,750.875,0.13626268660578328
2021-08-31 00:15:00,752.1,10.417,750.875,0.13626231886390572
2021-08-31 00:30:00,752.1,10.283,750.875,0.13626197426662187
2021-08-31 00:45:00,752.1,10.123,750.875,0.13626156280717844
2021-08-31 01:00:00,752.1,10.037,750.875,0.1362613416477276
2021-08-31 01:15:00,752.1,10.11,750.836,0.13665189643378686
2021-08-31 01:30:00,751.925,10.317,750.6996666666666,0.13626539831718296
2021-08-31 01:45:00,751.925,10.517,750.6413333333334,0.13684984497315655
2021-08-31 02:00:00,751.75,10.503,750.6996666666666,0.13451408533703318
2021-08-31 02:15:00,751.75,10.43,750.5246666666667,0.13626568898948788
2021-08-31 02:30:00,751.4,10.41,750.408,0.13392996118828954
2021-08-31 02:45:00,751.575,10.323,750.408,0.13568150531627957
2021-08-31 03:00:00,751.4,10.223,750.408,0.13392957176291917
2021-08-31 03:15:00,751.575,10.23,750.3693333333333,0.13606831780679177
2021-08-31 03:30:00,751.4,10.11,750.2336666666666,0.13567431055427692
2021-08-31 03:45:00,751.283,9.903,750.117,0.13567046739658636
2021-08-31 04:00:00,751.575,9.697,750.078,0.13898279146345158
2021-08-31 04:15:00,751.108,9.607,749.9416666666667,0.13567307897708977
2021-08-31 04:30:00,751.283,9.573,749.825,0.1385920786853617
2021-08-31 04:45:00,751.108,9.427,749.7666666666667,0.13742403439058756
2021-08-31 05:00:00,750.933,9.31,749.65,0.13683992055282163
2021-08-31 05:15:00,750.933,9.277,749.5916666666667,0.13742361201487172
2021-08-31 05:30:00,750.933,9.21,749.5333333333333,0.1380071954926127
2021-08-31 05:45:00,750.933,9.17,749.65,0.1368395434796317
2021-08-31 06:00:00,750.933,9.137,749.7666666666667,0.13567192819920265
2021-08-31 06:15:00,750.933,9.07,749.9416666666667,0.13392049916789506
2021-08-31 06:30:00,751.108,9.033,749.8833333333333,0.1362554240227853
2021-08-31 06:45:00,751.283,8.987,750.039,0.13644877547570872
2021-08-31 07:00:00,751.4,8.967,750.117,0.1368389967235048
2021-08-31 07:15:00,751.575,9.027,750.2139999999999,0.1376197151068568
2021-08-31 07:30:00,751.575,9.19,750.408,0.13567872962137062
2021-08-31 07:45:00,751.575,9.37,750.3693333333333,0.13606614111635995
2021-08-31 08:00:00,751.575,9.66,750.292,0.13684086323579647
2021-08-31 08:15:00,751.75,10.263,750.3306666666667,0.1382071475994524
2021-08-31 08:30:00,751.575,10.477,750.408,0.13568188259519923
2021-08-31 08:45:00,751.575,10.56,750.408,0.13568208593383774
2021-08-31 09:00:00,751.575,10.773,750.408,0.13568260775468116
2021-08-31 09:15:00,751.75,10.96,750.4663333333333,0.13685103876045293
2021-08-31 09:30:00,751.75,11.383,750.583,0.13568410217117963
2021-08-31 09:45:00,751.75,11.9,750.5246666666667,0.13626947030177294
2021-08-31 10:00:00,751.75,12.827,750.5246666666667,0.13627185484360171
2021-08-31 10:15:00,751.925,15.32,750.758,0.13569374728226213
2021-08-31 10:30:00,751.75,17.203,750.6996666666666,0.13452885848045454
2021-08-31 10:45:00,751.75,18.023,750.6413333333334,0.13511551789953735
2021-08-31 11:00:00,751.75,18.633,750.6996666666666,0.13453201155434896
2021-08-31 11:15:00,751.575,19.493,750.583,0.1339488764323504
2021-08-31 11:30:00,751.458,20.19,750.486,0.13374971647677278
2021-08-31 11:45:00,751.458,20.7,750.2336666666666,0.13628207508591703
2021-08-31 12:00:00,751.283,20.567,750.078,0.1360877935436167
2021-08-31 12:15:00,750.933,19.467,750.0,0.1333571080588443
2021-08-31 12:30:00,750.933,18.553,749.9416666666667,0.13394023413573272
2021-08-31 12:45:00,750.933,18.103,749.7666666666667,0.13569388112377537
2021-08-31 13:00:00,750.758,17.777,749.65,0.13510826168662962
2021-08-31 13:15:00,750.758,18.03,749.65,0.13510885016600216
2021-08-31 13:30:00,750.467,18.91,749.5916666666667,0.13277774237525133
2021-08-31 13:45:00,750.292,18.963,749.436,0.13258396516396903
2021-08-31 14:00:00,750.467,18.427,749.3969999999999,0.13472875247424893
2021-08-31 14:15:00,750.642,18.01,749.436,0.13609135126078248
2021-08-31 14:30:00,750.467,17.293,749.3969999999999,0.1347262052463945
2021-08-31 14:45:00,750.642,15.663,749.475,0.13569458758531047
2021-08-31 15:00:00,750.292,13.2,749.3776666666666,0.13315786987982284
2021-08-31 15:15:00,750.467,12.53,749.2413333333333,0.1362744290281827
2021-08-31 15:30:00,750.642,13.107,749.358,0.1368601630196961
2021-08-31 15:45:00,750.642,13.757,749.358,0.13686191508118328
2021-08-31 16:00:00,750.467,14.213,749.358,0.13510998982838887
2021-08-31 16:15:00,750.467,13.837,749.2026666666667,0.13666512508284875
2021-08-31 16:30:00,750.117,14.34,748.9306666666668,0.1358850333893179
2021-08-31 16:45:00,750.467,15.213,748.9693333333333,0.13900680627393974
2021-08-31 17:00:00,750.292,16.227,748.9306666666668,0.13764362715061693
2021-08-31 17:15:00,750.117,15.87,749.008,0.13511384749788846
2021-08-31 17:30:00,750.0,15.333,748.9693333333333,0.13432766782960612
2021-08-31 17:45:00,749.825,14.87,748.8336666666667,0.13393256948461682
2021-08-31 18:00:00,750.0,14.637,748.717,0.13685426818769733
2021-08-31 18:15:00,749.825,14.443,748.6586666666667,0.13568491974702585
2021-08-31 18:30:00,749.825,14.353,748.542,0.13685350326779921
2021-08-31 18:45:00,750.0,14.067,748.6003333333333,0.13802146679756308
2021-08-31 19:00:00,749.65,13.953,748.717,0.1333463081679388
2021-08-31 19:15:00,749.65,13.823,748.717,0.13334605354591894
2021-08-31 19:30:00,749.825,13.71,748.717,0.13509880182256584
2021-08-31 19:45:00,749.825,13.497,748.7753333333334,0.13451400926635346
2021-08-31 20:00:00,750.117,13.39,748.892,0.13626996429468888
2021-08-31 20:15:00,750.0,13.22,748.9306666666668,0.13471037904703342
2021-08-31 20:30:00,750.0,13.033,749.0663333333333,0.13335118325945083
2021-08-31 20:45:00,750.642,12.813,749.183,0.13861201061581696
2021-08-31 21:00:00,750.467,12.657,749.183,0.1368589500540497
2021-08-31 21:15:00,750.467,12.47,749.2413333333333,0.1362742746469201
2021-08-31 21:30:00,750.467,12.223,749.358,0.13510535690002004
2021-08-31 21:45:00,750.642,12.12,749.3969999999999,0.1364669709612421
2021-08-31 22:00:00,750.642,12.127,749.5333333333333,0.13510179551997137
2021-08-31 22:15:00,750.642,12.1,749.5916666666667,0.13451760663703974
2021-08-31 22:30:00,750.642,12.107,749.436,0.13607640642821098
2021-08-31 22:45:00,750.467,12.14,749.358,0.13510516366732928
2021-08-31 23:00:00,750.642,12.0,749.3969999999999,0.13646665732838065
2021-08-31 23:15:00,750.642,11.793,749.436,0.1360756114633749
2021-08-31 23:30:00,750.642,11.637,749.3969999999999,0.13646570858897472
2021-08-31 23:45:00,750.642,11.443,749.475,0.1356842491629665
2021-09-01 00:00:00,750.642,11.217,749.475,0.1356836954939026
2021-09-01 00:15:00,750.642,11.0,749.436,0.1360736037974035
2021-09-01 00:30:00,750.467,10.787,749.358,0.13510201374165942
2021-09-01 00:45:00,750.642,10.58,749.358,0.1368533515437299
2021-09-01 01:00:00,750.292,10.37,749.2996666666667,0.13393321454126178
2021-09-01 01:15:00,750.292,10.21,749.1246666666667,0.13568456502230108
2021-09-01 01:30:00,750.292,10.083,749.008,0.13685201189056054
2021-09-01 01:45:00,750.117,9.957,748.9693333333333,0.13548709958250219
2021-09-01 02:00:00,750.117,9.903,748.9306666666668,0.1358739832659945
2021-09-01 02:15:00,750.117,9.877,748.9693333333333,0.13548690684034387
2021-09-01 02:30:00,750.117,9.863,748.892,0.13626089418558288
2021-09-01 02:45:00,750.0,9.803,748.892,0.13508971411936857
2021-09-01 03:00:00,750.0,9.797,748.892,0.13508970016333602
2021-09-01 03:15:00,750.0,9.81,748.8336666666667,0.1356735760151991
2021-09-01 03:30:00,750.0,9.797,748.717,0.13684123222884514
2021-09-01 03:45:00,749.825,9.81,748.717,0.13508973040140804
2021-09-01 04:00:00,750.0,9.797,748.717,0.13684123222884514
2021-09-01 04:15:00,749.825,9.77,748.6586666666667,0.1356734780766569
2021-09-01 04:30:00,750.0,9.823,748.503,0.13898318743438448
2021-09-01 04:45:00,749.65,9.883,748.425,0.1362609456180133
2021-09-01 05:00:00,749.475,9.883,748.3666666666667,0.13509323651153718
2021-09-01 05:15:00,749.65,9.91,748.25,0.13801258863062235
2021-09-01 05:30:00,749.65,9.91,748.3083333333333,0.13742873077101303
2021-09-01 05:45:00,749.65,9.99,748.425,0.1362612207815161
2021-09-01 06:00:00,749.65,10.023,748.4639999999999,0.1358709457102049
2021-09-01 06:15:00,749.825,9.99,748.542,0.13684175205117277
2021-09-01 06:30:00,749.825,9.943,748.542,0.13684162546231615
2021-09-01 06:45:00,749.825,10.023,748.542,0.1368418409327104
2021-09-01 07:00:00,750.117,10.023,748.6586666666667,0.1385967924345554
2021-09-01 07:15:00,750.117,10.07,748.9306666666668,0.13587439917101932
2021-09-01 07:30:00,750.117,10.237,749.008,0.13510073328406857
2021-09-01 07:45:00,750.292,10.53,749.008,0.13685321676976786
2021-09-01 08:00:00,750.467,10.747,749.0663333333333,0.13802172240294802
2021-09-01 08:15:00,750.292,11.053,749.1246666666667,0.13568663084680524
2021-09-01 08:30:00,750.292,11.143,748.9693333333333,0.13724198353658965
2021-09-01 08:45:00,750.467,11.243,748.892,0.13976856960136352
2021-09-01 09:00:00,750.292,11.55,748.989,0.13704620241791834
2021-09-01 09:15:00,750.467,12.1,749.183,0.13685744867212915
2021-09-01 09:30:00,750.467,12.523,749.2413333333333,0.1362744110170354
2021-09-01 09:45:00,750.642,12.827,749.358,0.13685940828551704
2021-09-01 10:00:00,750.642,13.12,749.3969999999999,0.136469584568421
2021-09-01 10:15:00,750.758,13.397,749.475,0.13685092839658644
2021-09-01 10:30:00,751.108,13.39,749.5333333333333,0.1397723296130928
2021-09-01 10:45:00,750.758,13.463,749.5526666666666,0.13607316182731682
2021-09-01 11:00:00,750.642,13.563,749.3969999999999,0.13647074239640128
2021-09-01 11:15:00,750.642,14.02,749.3776666666666,0.1366656108002268
2021-09-01 11:30:00,750.292,14.503,749.183,0.13511066497875268
2021-09-01 11:45:00,750.292,14.63,749.183,0.1351109606480506
2021-09-01 12:00:00,750.292,14.597,749.183,0.13511088382059522
2021-09-01 12:15:00,750.467,13.973,749.183,0.13686249730469138
2021-09-01 12:30:00,750.292,14.18,749.086,0.13608165471517028
2021-09-01 12:45:00,750.292,14.327,748.9306666666668,0.13763819728548563
2021-09-01 13:00:00,750.117,14.353,748.9693333333333,0.1354976907641023
2021-09-01 13:15:00,750.0,14.3,748.8336666666667,0.13568456961673062
2021-09-01 13:30:00,749.825,14.147,748.6586666666667,0.1356841950018024
2021-09-01 13:45:00,749.475,14.407,748.503,0.13373791624818904
2021-09-01 14:00:00,749.475,14.65,748.3666666666667,0.135104327915159
2021-09-01 14:15:00,749.358,14.883,748.0943333333333,0.13666122174797987
2021-09-01 14:30:00,749.183,15.373,747.7246666666666,0.13861317121448488
2021-09-01 14:45:00,749.008,16.103,747.608,0.13803078983300335
2021-09-01 15:00:00,748.717,16.003,747.4526666666667,0.1366708740655679
2021-09-01 15:15:00,748.542,15.783,747.2586666666667,0.13686069524141775
2021-09-01 15:30:00,748.717,15.193,747.492,0.13627460092829344
2021-09-01 15:45:00,748.717,14.77,747.5306666666667,0.135886104282497
2021-09-01 16:00:00,748.833,14.61,747.608,0.13627310167294648
2021-09-01 16:15:00,749.008,14.603,747.7246666666666,0.1368575162273861
2021-09-01 16:30:00,749.358,14.053,747.958,0.1380247648911517
2021-09-01 16:45:00,749.358,12.987,747.997,0.13763102931786506
2021-09-01 17:00:00,749.358,12.277,747.9193333333334,0.1384067517216317
2021-09-01 17:15:00,748.892,11.363,747.822,0.13471288508662677
2021-09-01 17:30:00,749.358,10.767,748.3473333333334,0.13411757273472602
2021-09-01 17:45:00,749.475,10.673,748.4446666666666,0.1343142483053496
2021-09-01 18:00:00,749.475,10.56,748.25,0.13626268660578478
2021-09-01 18:15:00,749.475,10.74,748.25,0.13626314949765864
2021-09-01 18:30:00,749.475,10.973,748.25,0.1362637486854731
2021-09-01 18:45:00,749.475,11.087,748.1916666666667,0.13684804384319926
2021-09-01 19:00:00,749.358,11.107,748.0360000000001,0.13723520924065374
2021-09-01 19:15:00,749.358,11.007,747.997,0.13762537221236018
2021-09-01 19:30:00,749.475,10.88,748.1916666666667,0.1368474861687036
2021-09-01 19:45:00,749.65,10.773,748.4639999999999,0.13587281302232188
2021-09-01 20:00:00,749.65,10.633,748.503,0.13548205458063237
2021-09-01 20:15:00,749.825,10.53,748.4639999999999,0.13762400936421731
2021-09-01 20:30:00,749.65,10.49,748.6003333333333,0.134507383199749
2021-09-01 20:45:00,750.0,10.45,748.717,0.13684299100593822
2021-09-01 21:00:00,749.825,10.437,748.6586666666667,0.13567511120187326
2021-09-01 21:15:00,749.825,10.357,748.6003333333333,0.1362588279231961
2021-09-01 21:30:00,750.0,10.237,748.7753333333334,0.13625851941258338
2021-09-01 21:45:00,749.825,10.123,748.8336666666667,0.13392269055470798
2021-09-01 22:00:00,750.117,9.943,748.8723333333334,0.1364579447846934
2021-09-01 22:15:00,750.292,9.877,749.086,0.13607076065883364
2021-09-01 22:30:00,750.467,9.77,748.9306666666668,0.13937669632903935
2021-09-01 22:45:00,750.292,9.77,749.008,0.1368511682055675
2021-09-01 23:00:00,750.467,9.737,749.008,0.13860258927779248
2021-09-01 23:15:00,750.642,9.633,749.0663333333333,0.1397699186184
2021-09-01 23:30:00,750.467,9.413,749.183,0.13685020591948918
2021-09-01 23:45:00,750.642,9.317,749.2803333333334,0.13762721550414997
2021-09-02 00:00:00,750.642,9.243,749.475,0.13567885946411423
2021-09-02 00:15:00,750.758,9.27,749.475,0.13683981281762303
2021-09-02 00:30:00,750.933,9.38,749.475,0.13859148795975648
2021-09-02 00:45:00,750.933,9.513,749.475,0.13859189504009584
2021-09-02 01:00:00,751.108,9.607,749.5333333333333,0.13975982426058287
2021-09-02 01:15:00,750.758,9.593,749.65,0.13508922565823078
2021-09-02 01:30:00,751.108,9.46,749.65,0.13859173282011245
2021-09-02 01:45:00,750.933,9.48,749.5526666666666,0.13781449910831461
2021-09-02 02:00:00,750.758,9.453,749.2996666666667,0.13859504740566586
2021-09-02 02:15:00,750.467,9.387,749.183,0.13685013583702968
2021-09-02 02:30:00,750.467,9.19,749.183,0.13684960482762512
2021-09-02 02:45:00,750.642,8.947,749.2413333333333,0.138016429690966
2021-09-02 03:00:00,750.758,8.827,749.3969999999999,0.13761914368205835
2021-09-02 03:15:00,750.467,8.8,749.436,0.13431686818695096
2021-09-02 03:30:00,750.758,8.717,749.3969999999999,0.13761882939841918
2021-09-02 03:45:00,750.758,8.887,749.475,0.13683878125311055
2021-09-02 04:00:00,750.642,9.047,749.475,0.13567837929094376
2021-09-02 04:15:00,751.108,9.117,749.5333333333333,0.13975820448190726
2021-09-02 04:30:00,750.758,9.27,749.5916666666667,0.135672253844859
2021-09-02 04:45:00,750.933,9.277,749.5916666666667,0.13742361201487172
2021-09-02 05:00:00,750.933,9.013,749.825,0.13508787657508275
2021-09-02 05:15:00,751.108,8.793,749.825,0.13683852807539731
2021-09-02 05:30:00,751.108,8.69,749.8833333333333,0.13625454219662145
2021-09-02 05:45:00,751.283,8.677,750.0,0.13683821564332713
2021-09-02 06:00:00,751.283,8.563,750.039,0.13644766819636078
2021-09-02 06:15:00,751.4,8.55,750.078,0.13722811292139286
2021-09-02 06:30:00,751.575,8.433,750.039,0.1393690489418923
2021-09-02 06:45:00,751.75,8.293,750.1753333333334,0.13975548060919413
2021-09-02 07:00:00,751.75,8.26,750.3306666666667,0.13820117949638583
2021-09-02 07:15:00,751.75,8.313,750.4663333333333,0.13684390567924865
2021-09-02 07:30:00,751.925,8.537,750.6803333333334,0.13645427103686375
2021-09-02 07:45:00,752.217,8.82,750.875,0.13742899631263636
2021-09-02 08:00:00,752.217,9.453,750.875,0.1374307796240484
2021-09-02 08:15:00,752.217,9.917,750.875,0.137432086822303
2021-09-02 08:30:00,752.217,9.89,750.9333333333333,0.13684815534644285
2021-09-02 08:45:00,752.567,10.263,751.05,0.1391847648485478
2021-09-02 09:00:00,752.567,10.627,751.05,0.13918592404735977
2021-09-02 09:15:00,752.567,10.727,751.05,0.13918624250857184
2021-09-02 09:30:00,752.392,11.073,751.1083333333333,0.13685134327053078
2021-09-02 09:45:00,752.567,11.403,751.264,0.13704580031917726
2021-09-02 10:00:00,752.742,12.283,751.342,0.13801956286818842
2021-09-02 10:15:00,752.567,14.293,751.342,0.1362722864689242
2021-09-02 10:30:00,752.567,15.513,751.342,0.1362754238471803
2021-09-02 10:45:00,752.567,15.547,751.4003333333334,0.13569096312600998
2021-09-02 11:00:00,752.742,14.823,751.517,0.13627364942832756
2021-09-02 11:15:00,752.858,14.583,751.517,0.1374352132511985
2021-09-02 11:30:00,752.742,14.327,751.4586666666667,0.13685677266139043
2021-09-02 11:45:00,752.742,15.22,751.4003333333334,0.13744368658703104
2021-09-02 12:00:00,752.858,15.34,751.517,0.137437344310918
2021-09-02 12:15:00,752.567,14.843,751.517,0.13452031502350792
2021-09-02 12:30:00,752.742,15.167,751.517,0.13627453406613094
2021-09-02 12:45:00,752.567,14.897,751.4586666666667,0.13510490261133995
2021-09-02 13:00:00,752.742,14.57,751.342,0.13802628435209635
2021-09-02 13:15:00,752.567,14.623,751.4003333333334,0.13568870009907114
2021-09-02 13:30:00,752.567,14.877,751.4196666666667,0.1354956134189015
2021-09-02 13:45:00,752.742,15.067,751.264,0.13880929082782176
2021-09-02 14:00:00,752.742,15.253,751.342,0.13802829168638106
2021-09-02 14:15:00,752.392,15.327,751.303,0.13491217606314598
2021-09-02 14:30:00,752.392,15.507,751.225,0.13569420540666458
2021-09-02 14:45:00,752.742,15.657,751.1666666666666,0.13978650427302491
2021-09-02 15:00:00,752.392,15.77,751.05,0.13744857611408112
2021-09-02 15:15:00,752.217,15.843,750.9916666666667,0.13627961296458932
2021-09-02 15:30:00,752.217,16.167,750.9333333333333,0.13686507047705082
2021-09-02 15:45:00,752.1,16.573,750.9526666666667,0.13549969836586198
2021-09-02 16:00:00,752.1,16.447,750.758,0.13745048338394683
2021-09-02 16:15:00,752.1,16.16,750.758,0.13744967483675055
2021-09-02 16:30:00,751.925,15.81,750.6996666666666,0.136279528077987
2021-09-02 16:45:00,751.925,15.923,750.583,0.13744900715143515
2021-09-02 17:00:00,752.1,16.757,750.583,0.13920544571965876
2021-09-02 17:15:00,751.75,16.703,750.583,0.13569713544294973
2021-09-02 17:30:00,751.925,16.253,750.6413333333334,0.13686530222808205
2021-09-02 17:45:00,751.925,15.623,750.758,0.13569448959078587
2021-09-02 18:00:00,751.925,14.997,750.797,0.13530218881016698
2021-09-02 18:15:00,751.925,14.503,750.875,0.13451956557952166
2021-09-02 18:30:00,752.217,13.913,750.875,0.1374433445038235
2021-09-02 18:45:00,752.392,13.363,750.875,0.1391946371461208
2021-09-02 19:00:00,751.925,12.907,750.836,0.1349066436550424
2021-09-02 19:15:00,752.217,12.503,750.8553333333333,0.13763632276006643
2021-09-02 19:30:00,752.217,12.133,751.05,0.13568593956851713
2021-09-02 19:45:00,752.217,11.76,751.05,0.13568502576957536
2021-09-02 20:00:00,752.392,11.457,751.1083333333333,0.1368523780658396
2021-09-02 20:15:00,752.392,11.177,751.264,0.13529314308423157
2021-09-02 20:30:00,752.742,10.913,751.342,0.1380155364436349
2021-09-02 20:45:00,752.742,10.673,751.4586666666667,0.1368469284942065
2021-09-02 21:00:00,752.742,10.443,751.7306666666667,0.13412355871915005
2021-09-02 21:15:00,753.033,10.277,751.8663333333333,0.13567805603513736
2021-09-02 21:30:00,753.208,10.09,752.0413333333333,0.13567759804158872
2021-09-02 21:45:00,753.208,9.937,752.0996666666666,0.13509336215361722
2021-09-02 22:00:00,753.208,9.817,751.9246666666667,0.13684462236199263
2021-09-02 22:15:00,752.858,9.743,751.8663333333333,0.1339252359546205
2021-09-02 22:30:00,753.033,9.62,751.983,0.13450880224133255
2021-09-02 22:45:00,753.208,9.46,751.983,0.13625985782211122
2021-09-02 23:00:00,753.208,9.44,751.983,0.1362598063896808
2021-09-02 23:15:00,753.208,9.317,751.983,0.13625949008023366
2021-09-02 23:30:00,753.208,9.217,751.983,0.13625923291808154
2021-09-02 23:45:00,753.208,9.15,751.983,0.1362590606194396
2021-09-03 00:00:00,753.208,9.07,751.983,0.13625885488971787
2021-09-03 00:15:00,753.5,8.967,752.0413333333333,0.13859689520968058
2021-09-03 00:30:00,753.383,8.84,752.0996666666666,0.13684199024613786
2021-09-03 00:45:00,753.383,8.67,751.983,0.1380089442755535
2021-09-03 01:00:00,753.383,8.753,751.983,0.13800918821222352
2021-09-03 01:15:00,753.5,8.933,751.983,0.13918052931442715
2021-09-03 01:30:00,753.5,9.027,751.9246666666667,0.13976457839701228
2021-09-03 01:45:00,753.208,8.833,751.8663333333333,0.13742569735974275
2021-09-03 02:00:00,753.383,8.637,751.9246666666667,0.13859254925904507
2021-09-03 02:15:00,753.383,8.49,751.808,0.13975946716330126
2021-09-03 02:30:00,753.208,8.313,751.808,0.1380078950539713
2021-09-03 02:45:00,753.383,8.14,751.7693333333333,0.14014518061135328
2021-09-03 03:00:00,753.383,8.017,751.692,0.14091848533068066
2021-09-03 03:15:00,753.208,7.957,751.789,0.13819694171899932
2021-09-03 03:30:00,753.208,7.883,752.0413333333333,0.13567219273806705
2021-09-03 03:45:00,753.383,7.753,752.0413333333333,0.13742265549885596
2021-09-03 04:00:00,753.383,7.687,751.8663333333333,0.13917322651266656
2021-09-03 04:15:00,753.5,7.587,751.983,0.13917624282651256
2021-09-03 04:30:00,753.383,7.417,751.983,0.13800526171353486
2021-09-03 04:45:00,753.383,7.37,751.983,0.1380051235807217
2021-09-03 05:00:00,753.383,7.31,752.0413333333333,0.1374214077725854
2021-09-03 05:15:00,753.5,7.29,752.158,0.13742468593908122
2021-09-03 05:30:00,753.5,7.23,752.197,0.13703438563858994
2021-09-03 05:45:00,753.5,7.23,752.275,0.13625412310611848
2021-09-03 06:00:00,753.675,7.263,752.275,0.13800480910814558
2021-09-03 06:15:00,753.85,7.33,752.3333333333334,0.1391720898559541
2021-09-03 06:30:00,753.85,7.323,752.45,0.13800498544790854
2021-09-03 06:45:00,754.025,7.343,752.45,0.13975567475630618
2021-09-03 07:00:00,754.142,7.343,752.5473333333333,0.139952412282364
2021-09-03 07:15:00,754.317,7.443,752.703,0.1401461540983375
2021-09-03 07:30:00,754.317,7.68,752.7223333333334,0.1399535404425789
2021-09-03 07:45:00,754.142,7.923,752.917,0.13625590523983133
2021-09-03 08:00:00,754.317,8.42,752.917,0.1380082095265459
2021-09-03 08:15:00,754.2,8.833,752.917,0.1368386358105959
2021-09-03 08:30:00,754.2,8.92,752.917,0.13683887013464965
2021-09-03 08:45:00,754.492,9.163,753.014,0.13879097225033965
2021-09-03 09:00:00,754.492,9.58,753.208,0.1368506560645174
2021-09-03 09:15:00,754.492,9.93,753.1693333333333,0.13723861545834326
2021-09-03 09:30:00,754.492,10.31,753.1306666666667,0.13762671740746857
2021-09-03 09:45:00,754.492,10.933,753.2663333333334,0.13627031991357502
2021-09-03 10:00:00,754.667,12.27,753.383,0.13685790690359503
2021-09-03 10:15:00,754.667,14.937,753.383,0.1368650957466508
2021-09-03 10:30:00,754.667,16.737,753.4413333333333,0.1362852537277105
2021-09-03 10:45:00,754.667,16.97,753.4996666666667,0.1357011308273404
2021-09-03 11:00:00,754.667,17.533,753.4413333333333,0.13628730185246096
2021-09-03 11:15:00,754.667,18.553,753.461,0.13609272599296718
2021-09-03 11:30:00,754.317,19.21,753.2473333333334,0.13472716843602903
2021-09-03 11:45:00,754.375,19.39,753.2663333333334,0.1351186994620999
2021-09-03 12:00:00,754.492,19.07,753.2860000000001,0.13609403490003807
2021-09-03 12:15:00,754.317,18.01,753.092,0.13628184518611924
2021-09-03 12:30:00,754.492,17.58,753.1306666666667,0.13764749378615515
2021-09-03 12:45:00,754.317,17.177,753.1693333333333,0.1355044945622928
2021-09-03 13:00:00,754.317,17.507,753.0336666666667,0.13686533983480173
2021-09-03 13:15:00,754.025,18.077,752.917,0.13510895948825566
2021-09-03 13:30:00,754.025,18.297,752.917,0.13510947120944916
2021-09-03 13:45:00,754.2,17.777,752.9753333333333,0.13627790416266014
2021-09-03 14:00:00,754.025,17.34,753.0336666666667,0.1339377097746669
2021-09-03 14:15:00,754.025,17.023,752.917,0.13510650787853762
2021-09-03 14:30:00,754.2,16.877,752.8196666666666,0.1378359334701309
2021-09-03 14:45:00,753.675,17.183,752.625,0.13452547296153083
2021-09-03 15:00:00,753.675,17.513,752.5666666666667,0.13511098927210513
2021-09-03 15:15:00,753.383,17.843,752.3526666666667,0.134329756736593
2021-09-03 15:30:00,753.383,17.863,752.0996666666666,0.13686629892717256
2021-09-03 15:45:00,753.208,17.87,752.0413333333333,0.13569665253248067
2021-09-03 16:00:00,753.383,17.447,752.0996666666666,0.1368651781900219
2021-09-03 16:15:00,753.208,17.15,751.983,0.13627963359161085
2021-09-03 16:30:00,753.208,16.95,751.983,0.13627911926730657
2021-09-03 16:45:00,753.033,16.777,751.9246666666667,0.13510927681708823
2021-09-03 17:00:00,752.858,17.54,751.711,0.13549868579022917
2021-09-03 17:15:00,753.033,18.223,751.614,0.1382275229257068
2021-09-03 17:30:00,752.858,17.783,751.8276666666667,0.13432962695892423
2021-09-03 17:45:00,752.858,17.547,751.8086666666667,0.1345195919580448
2021-09-03 18:00:00,753.033,16.75,751.692,0.13744131365597162
2021-09-03 18:15:00,752.742,15.63,751.692,0.13452204976591134
2021-09-03 18:30:00,752.858,14.883,751.692,0.13568265726046874
2021-09-03 18:45:00,752.858,14.3,751.692,0.13568123021415482
2021-09-03 19:00:00,752.858,13.81,751.692,0.13568003080987723
2021-09-03 19:15:00,752.858,13.383,751.7306666666667,0.13529168935076674
2021-09-03 19:30:00,753.033,13.047,751.808,0.13626908222850703
2021-09-03 19:45:00,753.033,12.737,751.8663333333333,0.1356840809769875
2021-09-03 20:00:00,753.208,12.477,752.0413333333333,0.13568344419451406
2021-09-03 20:15:00,753.208,12.22,752.197,0.1341239934759043
2021-09-03 20:30:00,753.5,11.967,752.275,0.1362663048772654
2021-09-03 20:45:00,753.675,11.78,752.3333333333334,0.1374339976968052
2021-09-03 21:00:00,753.675,11.61,752.5083333333333,0.13568132076988637
2021-09-03 21:15:00,753.85,11.483,752.7223333333334,0.13529053025815366
2021-09-03 21:30:00,754.025,11.417,752.8586666666666,0.13567751069619416
2021-09-03 21:45:00,754.2,11.537,752.8003333333334,0.1380140329080179
2021-09-03 22:00:00,754.317,11.68,752.917,0.13801779065358566
2021-09-03 22:15:00,754.317,11.8,752.9753333333333,0.1374340540275638
2021-09-03 22:30:00,754.317,11.967,753.092,0.1362663048772654
2021-09-03 22:45:00,754.2,12.007,753.092,0.1350948406353284
2021-09-03 23:00:00,754.2,11.907,753.092,0.1350946080347859
2021-09-03 23:15:00,754.2,11.92,753.092,0.13509463827285642
2021-09-03 23:30:00,754.317,11.76,753.0336666666667,0.1368498569588285
2021-09-03 23:45:00,754.2,11.33,752.9753333333333,0.13626132943007052
2021-09-04 00:00:00,754.2,10.94,752.9753333333333,0.13626032677058394
2021-09-04 00:15:00,754.2,10.66,752.742,0.1385954057254314
2021-09-04 00:30:00,754.025,10.43,752.742,0.13684293713834114
2021-09-04 00:45:00,754.025,10.243,752.703,0.13723281142296156
2021-09-04 01:00:00,753.85,10.05,752.664,0.1358710129334426
2021-09-04 01:15:00,753.85,9.93,752.703,0.13548036184278145
2021-09-04 01:30:00,753.85,9.803,752.664,0.13587039796531875
2021-09-04 01:45:00,754.025,9.897,752.742,0.13684150156683944
2021-09-04 02:00:00,754.2,9.963,752.742,0.13859327237959285
2021-09-04 02:15:00,754.025,9.917,752.742,0.13684155543443802
2021-09-04 02:30:00,754.2,9.983,752.742,0.13859333359468146
2021-09-04 02:45:00,754.025,9.85,752.742,0.13684137497798282
2021-09-04 03:00:00,754.2,9.737,752.703,0.13898291716851013
2021-09-04 03:15:00,754.025,9.653,752.664,0.13762150366647455
2021-09-04 03:30:00,754.2,9.58,752.742,0.13859210011064568
2021-09-04 03:45:00,754.025,9.527,752.703,0.13723082434255804
2021-09-04 04:00:00,754.142,9.42,752.7223333333334,0.13820797179943528
2021-09-04 04:15:00,754.2,9.363,752.917,0.13684006330195783
2021-09-04 04:30:00,754.317,9.23,752.9753333333333,0.13742681552527192
2021-09-04 04:45:00,754.317,9.123,753.092,0.1362589911856585
2021-09-04 05:00:00,754.317,9.103,753.092,0.1362589397532281
2021-09-04 05:15:00,754.317,9.07,753.092,0.13625885488971787
2021-09-04 05:30:00,754.492,9.163,753.092,0.13801039320059355
2021-09-04 05:45:00,754.317,9.07,753.1306666666667,0.13587190872176905
2021-09-04 06:00:00,754.667,8.9,753.1693333333333,0.13898695803789654
2021-09-04 06:15:00,754.492,8.827,753.092,0.13800940569792935
2021-09-04 06:30:00,754.317,8.743,753.092,0.13625801396948037
2021-09-04 06:45:00,754.492,8.67,753.1306666666667,0.13762203057651315
2021-09-04 07:00:00,754.667,8.637,753.2663333333334,0.13801551816834515
2021-09-04 07:15:00,754.842,8.723,753.383,0.13859948354412643
2021-09-04 07:30:00,754.958,8.927,753.4803333333333,0.13878690436091706
2021-09-04 07:45:00,754.958,9.11,753.675,0.136839381876836
2021-09-04 08:00:00,754.958,9.593,753.675,0.1368406827793413
2021-09-04 08:15:00,754.958,10.217,753.7333333333333,0.13625846799414815
2021-09-04 08:30:00,755.308,10.203,753.9083333333333,0.13801011322080237
2021-09-04 08:45:00,755.308,10.343,754.064,0.13645231668041571
2021-09-04 09:00:00,755.483,10.927,754.2003333333333,0.13684093870588038
2021-09-04 09:15:00,755.6,11.503,754.3753333333333,0.1362617741995336
2021-09-04 09:30:00,755.775,11.987,754.5306666666667,0.1364599477834255
2021-09-04 09:45:00,755.775,12.207,754.608,0.13568612085838613
2021-09-04 10:00:00,755.95,13.603,754.6663333333333,0.1368581610625409
2021-09-04 10:15:00,755.95,16.11,754.8413333333333,0.13511106557387523
2021-09-04 10:30:00,755.95,17.267,754.8996666666667,0.13452899959704992
2021-09-04 10:45:00,755.95,17.66,754.7443333333333,0.1360871233997085
2021-09-04 11:00:00,755.775,17.76,754.667,0.1351082221445359
2021-09-04 11:15:00,755.658,18.05,754.6086666666666,0.1345206999903355
2021-09-04 11:30:00,755.658,17.5,754.492,0.13568906305841658
2021-09-04 11:45:00,755.658,16.313,754.4336666666667,0.13627079952200527
2021-09-04 12:00:00,755.308,16.58,754.2586666666667,0.13451746180451574
2021-09-04 12:15:00,755.483,16.627,754.142,0.13744096739395495
2021-09-04 12:30:00,755.483,16.147,754.1030000000001,0.1378304774466988
2021-09-04 12:45:00,755.133,16.153,754.025,0.1351044842538193
2021-09-04 13:00:00,755.133,16.333,753.9276666666666,0.1360804238905602
2021-09-04 13:15:00,755.133,17.607,753.7719999999999,0.13764422923071123
2021-09-04 13:30:00,755.017,18.25,753.7526666666666,0.13667683803794703
2021-09-04 13:45:00,754.667,18.413,753.4996666666667,0.13570466698956993
2021-09-04 14:00:00,754.667,18.54,753.383,0.13687480755824805
2021-09-04 14:15:00,754.492,19.123,753.383,0.13512142082250342
2021-09-04 14:30:00,754.317,19.07,753.3246666666666,0.13395133828010322
2021-09-04 14:45:00,754.2,18.72,753.111,0.1349199328650842
2021-09-04 15:00:00,754.317,18.467,752.8586666666666,0.1386226433537554
2021-09-04 15:15:00,753.85,18.27,752.703,0.1355004435407744
2021-09-04 15:30:00,753.85,18.223,752.5083333333333,0.1374521446502179
2021-09-04 15:45:00,753.558,18.527,752.3916666666667,0.1356949192723387
2021-09-04 16:00:00,753.558,18.6,752.5666666666667,0.13394033194692143
2021-09-04 16:15:00,753.675,18.44,752.45,0.13628295098337198
2021-09-04 16:30:00,753.675,17.97,752.5083333333333,0.13569689744881602
2021-09-04 16:45:00,753.675,17.803,752.5666666666667,0.1351116640166091
2021-09-04 17:00:00,753.675,17.76,752.5083333333333,0.13569638312451177
2021-09-04 17:15:00,753.85,17.573,752.5666666666667,0.1368655176440627
2021-09-04 17:30:00,753.675,16.957,752.45,0.13627913726865573
2021-09-04 17:45:00,753.85,16.327,752.5083333333333,0.13744680449444147
2021-09-04 18:00:00,753.675,15.977,752.5666666666667,0.1351074154529394
2021-09-04 18:15:00,753.383,15.877,752.3916666666667,0.13393466514133015
2021-09-04 18:30:00,753.383,15.54,752.3916666666667,0.13393396381430692
2021-09-04 18:45:00,753.675,15.0,752.625,0.1345206610902898
2021-09-04 19:00:00,753.85,14.637,752.664,0.13588243341435
2021-09-04 19:15:00,753.85,14.327,752.8586666666666,0.1339314394532426
2021-09-04 19:30:00,754.2,13.907,753.092,0.13509926004563605
2021-09-04 19:45:00,754.317,13.697,753.2473333333334,0.13471478881306928
2021-09-04 20:00:00,754.492,13.343,753.558,0.13335512960179446
2021-09-04 20:15:00,754.842,12.927,753.6553333333334,0.13588485282633278
2021-09-04 20:30:00,755.133,12.503,753.85,0.13684852051493068
2021-09-04 20:45:00,755.308,12.1,753.9473333333334,0.13762515718578067
2021-09-04 21:00:00,755.6,11.74,754.2003333333333,0.1380146293821594
2021-09-04 21:15:00,755.6,11.45,754.3753333333333,0.13626163794068027
2021-09-04 21:30:00,755.6,11.237,754.492,0.13509304961114962
2021-09-04 21:45:00,755.6,11.02,754.5306666666667,0.1347054404140963
2021-09-04 22:00:00,755.95,10.773,754.608,0.1374344983777053
2021-09-04 22:15:00,755.775,10.613,754.608,0.13568221577658135
2021-09-04 22:30:00,755.775,10.463,754.6663333333333,0.13509792271813809
2021-09-04 22:45:00,756.125,10.297,754.7246666666666,0.13801706262351798
2021-09-04 23:00:00,755.95,10.157,754.6663333333333,0.136848874852556
2021-09-04 23:15:00,756.125,10.043,754.783,0.13743244179424285
2021-09-04 23:30:00,756.125,9.943,754.7246666666666,0.13801602197120993
2021-09-04 23:45:00,756.125,9.85,754.608,0.13918344960374043
2021-09-05 00:00:00,756.125,9.823,754.6663333333333,0.13859951641346444
2021-09-05 00:15:00,755.95,9.797,754.7246666666666,0.13626406071011762
2021-09-05 00:30:00,756.242,9.703,754.5693333333332,0.14074098022306702
2021-09-05 00:45:00,755.775,9.593,754.492,0.1368406827793398
2021-09-05 01:00:00,755.95,9.467,754.492,0.13859175424539347
2021-09-05 01:15:00,755.95,9.317,754.4336666666667,0.1391750803741447
2021-09-05 01:30:00,755.775,9.243,754.317,0.13859106863639942
2021-09-05 01:45:00,755.6,9.19,754.2586666666667,0.13742336703695884
2021-09-05 02:00:00,755.483,9.097,754.1030000000001,0.13781005352361164
2021-09-05 02:15:00,755.483,8.88,753.9666666666667,0.139173689310236
2021-09-05 02:30:00,755.483,8.677,753.85,0.14034045685545557
2021-09-05 02:45:00,755.308,8.537,753.85,0.13858890774377097
2021-09-05 03:00:00,755.308,8.38,753.85,0.13858842720532527
2021-09-05 03:15:00,755.308,8.287,753.85,0.1385881425551632
2021-09-05 03:30:00,755.308,8.287,753.85,0.1385881425551632
2021-09-05 03:45:00,755.133,8.253,753.9083333333333,0.13625341870381213
2021-09-05 04:00:00,755.308,8.3,754.025,0.13683720023909424
2021-09-05 04:15:00,755.308,8.3,754.025,0.13683720023909424
2021-09-05 04:30:00,755.308,8.273,754.064,0.13644691085907096
2021-09-05 04:45:00,755.483,8.173,754.142,0.13741716821447203
2021-09-05 05:00:00,755.6,8.077,754.1030000000001,0.13897770040857954
2021-09-05 05:15:00,755.308,7.95,754.025,0.13683625755611936
2021-09-05 05:30:00,755.483,7.843,754.064,0.13819660212640433
2021-09-05 05:45:00,755.6,7.707,754.1030000000001,0.13897653763678813
2021-09-05 06:00:00,755.775,7.627,754.1223333333334,0.14053360657132852
2021-09-05 06:15:00,755.775,7.507,754.317,0.13858575516670685
2021-09-05 06:30:00,755.95,7.47,754.317,0.1403363191038349
2021-09-05 06:45:00,755.775,7.337,754.414,0.13761488656730825
2021-09-05 07:00:00,756.125,7.263,754.6663333333333,0.13859167729934446
2021-09-05 07:15:00,756.242,7.39,754.686,0.13956575982368413
2021-09-05 07:30:00,756.242,7.587,754.6279999999999,0.14014664200526755
2021-09-05 07:45:00,756.242,7.787,754.861,0.13781626297513486
2021-09-05 08:00:00,756.417,8.24,754.8803333333334,0.13937509693773295
2021-09-05 08:15:00,756.3,8.867,755.075,0.13625833285054756
2021-09-05 08:30:00,756.592,8.84,754.9776666666667,0.14015422305507574
2021-09-05 08:45:00,756.417,9.277,754.8803333333334,0.13937844219397694
2021-09-05 09:00:00,756.592,9.89,755.1333333333333,0.13859972157777928
2021-09-05 09:15:00,756.417,10.223,755.1916666666667,0.13626515651898244
2021-09-05 09:30:00,756.592,10.733,755.1333333333333,0.13860230297356177
2021-09-05 09:45:00,756.417,11.657,755.25,0.13568477343367305
2021-09-05 10:00:00,756.767,13.557,755.3473333333334,0.13822030122574247
2021-09-05 10:15:00,756.942,16.207,755.5613333333333,0.1378373327413666
2021-09-05 10:30:00,756.767,17.233,755.5416666666666,0.1362831884911733
2021-09-05 10:45:00,756.592,16.95,755.425,0.13569774055914055
2021-09-05 11:00:00,756.475,17.057,755.425,0.13452519522640802
2021-09-05 11:15:00,756.592,18.297,755.425,0.135701040524756
2021-09-05 11:30:00,756.475,19.21,755.3666666666667,0.13511493769080585
2021-09-05 11:45:00,756.3,19.423,755.3083333333333,0.13394538767069492
2021-09-05 12:00:00,756.3,19.083,755.3666666666667,0.1333596986941027
2021-09-05 12:15:00,756.3,18.6,755.211,0.13491965853079665
2021-09-05 12:30:00,756.3,18.283,755.0746666666666,0.1362858894285183
2021-09-05 12:45:00,756.125,18.393,754.8996666666667,0.13628617238385934
2021-09-05 13:00:00,755.95,19.13,754.783,0.13570308126073055
2021-09-05 13:15:00,755.95,19.527,754.783,0.13570405385638706
2021-09-05 13:30:00,755.833,19.13,754.8413333333333,0.1339447777065602
2021-09-05 13:45:00,755.95,19.043,754.861,0.1349206712815375
2021-09-05 14:00:00,755.775,19.41,754.667,0.13511206005348728
2021-09-05 14:15:00,755.833,20.267,754.7056666666667,0.13530798096707028
2021-09-05 14:30:00,755.658,19.96,754.6276666666666,0.13433433572528788
2021-09-05 14:45:00,755.308,20.23,754.2196666666666,0.13491669780053087
2021-09-05 15:00:00,755.308,20.017,754.064,0.13647758040780186
2021-09-05 15:15:00,755.133,19.613,754.1030000000001,0.13433024205736988
2021-09-05 15:30:00,755.133,18.647,753.9666666666667,0.13569521308796834
2021-09-05 15:45:00,755.017,18.11,753.85,0.1357005824003521
2021-09-05 16:00:00,754.842,17.983,753.85,0.13394573187454537
2021-09-05 16:15:00,754.667,18.11,753.7916666666666,0.1327762723174318
2021-09-05 16:30:00,755.017,18.95,753.636,0.13784862573615758
2021-09-05 16:45:00,754.842,19.077,753.597,0.13648515382638424
2021-09-05 17:00:00,754.667,18.17,753.675,0.1339461212999172
2021-09-05 17:15:00,754.667,17.123,753.7333333333333,0.13335919978396651
2021-09-05 17:30:00,754.842,16.587,753.7916666666666,0.13452750023323998
2021-09-05 17:45:00,754.667,16.057,753.7333333333333,0.13335711039151327
2021-09-05 18:00:00,754.842,15.63,753.7916666666666,0.1345253900991722
2021-09-05 18:15:00,754.842,15.427,753.7333333333333,0.13510947595629494
2021-09-05 18:30:00,754.958,15.053,753.9083333333333,0.13451743798588597
2021-09-05 18:45:00,754.958,14.863,754.025,0.1333480905220793
2021-09-05 19:00:00,755.133,14.783,754.025,0.13510129762638692
2021-09-05 19:15:00,755.133,14.577,754.064,0.13471008568921375
2021-09-05 19:30:00,755.308,14.213,754.142,0.13568101725870144
2021-09-05 19:45:00,755.483,13.81,754.2586666666667,0.13626436625633906
2021-09-05 20:00:00,755.658,13.313,754.5306666666667,0.13529152368935898
2021-09-05 20:15:00,755.775,12.8,754.7246666666666,0.13451915009978527
2021-09-05 20:30:00,756.125,12.35,754.958,0.13568647118881152
2021-09-05 20:45:00,756.125,12.02,754.997,0.13529513930071416
2021-09-05 21:00:00,756.417,11.773,755.1333333333333,0.13685322961614582
2021-09-05 21:15:00,756.592,11.523,755.3473333333334,0.13646207317841375
2021-09-05 21:30:00,756.942,11.543,755.6003333333333,0.13743333017733464
2021-09-05 21:45:00,756.942,11.43,755.717,0.1362649239165084
2021-09-05 22:00:00,756.942,11.47,755.717,0.13626502678136926
2021-09-05 22:15:00,756.942,11.297,755.717,0.13626458189084606
2021-09-05 22:30:00,756.942,11.08,755.814,0.13529291338909805
2021-09-05 22:45:00,757.058,10.813,755.9496666666666,0.1350954003473602
2021-09-05 23:00:00,757.058,10.51,755.833,0.1362625580247087
2021-09-05 23:15:00,756.942,10.19,755.7943333333333,0.1354876609440398
2021-09-05 23:30:00,757.408,9.97,755.814,0.13995453383056683
2021-09-05 23:45:00,757.058,9.883,756.008,0.1345093819582969
2021-09-06 00:00:00,757.408,9.983,756.008,0.13801280317733214
2021-09-06 00:15:00,757.233,10.0,756.008,0.1362612464977313
2021-09-06 00:30:00,757.408,9.917,756.0663333333333,0.13742875048677952
2021-09-06 00:45:00,757.408,9.783,756.1246666666667,0.13684453076328318
2021-09-06 01:00:00,757.583,9.613,756.0663333333333,0.13917935872787163
2021-09-06 01:15:00,757.408,9.44,756.1246666666667,0.13684360669394982
2021-09-06 01:30:00,757.233,9.357,756.008,0.13625959294509304
2021-09-06 01:45:00,757.058,9.357,756.008,0.13450822252436526
2021-09-06 02:00:00,757.233,9.35,756.008,0.13625957494374238
2021-09-06 02:15:00,757.233,9.27,756.008,0.13625936921402068
2021-09-06 02:30:00,757.233,9.163,756.008,0.1362590940505179
2021-09-06 02:45:00,757.233,9.15,755.9496666666666,0.13684282541084147
2021-09-06 03:00:00,757.058,9.07,755.833,0.13625885488971787
2021-09-06 03:15:00,757.233,9.027,755.7943333333333,0.1383969361746739
2021-09-06 03:30:00,756.942,8.987,755.717,0.1362586414451316
2021-09-06 03:45:00,756.942,8.893,755.717,0.1362583997127086
2021-09-06 04:00:00,756.942,8.793,755.717,0.13625814255055646
2021-09-06 04:15:00,757.058,8.643,755.6003333333333,0.13858589673971264
2021-09-06 04:30:00,756.767,8.49,755.328,0.13839864968126528
2021-09-06 04:45:00,756.942,8.273,755.25,0.14092939965719242
2021-09-06 05:00:00,756.592,8.043,755.25,0.1374268073190074
2021-09-06 05:15:00,756.767,7.91,755.25,0.13917727145622608
2021-09-06 05:30:00,756.767,7.767,755.25,0.13917681605669283
2021-09-06 05:45:00,756.767,7.72,755.3473333333334,0.1382029053201696
2021-09-06 06:00:00,757.058,7.653,755.542,0.13916644875711248
2021-09-06 06:15:00,757.058,7.56,755.542,0.13916615278341854
2021-09-06 06:30:00,756.942,7.47,755.6003333333333,0.13742185841864396
2021-09-06 06:45:00,756.942,7.37,755.7556666666667,0.1358676749580436
2021-09-06 07:00:00,757.233,7.35,755.833,0.1380050648008012
2021-09-06 07:15:00,757.408,7.47,755.9496666666666,0.1385889765420043
2021-09-06 07:30:00,757.408,7.7,756.183,0.13625533176823354
2021-09-06 07:45:00,757.583,7.957,756.222,0.137616657984185
2021-09-06 08:00:00,757.583,8.63,756.3,0.1368380890544705
2021-09-06 08:15:00,757.7,9.183,756.3,0.13801045198051407
2021-09-06 08:30:00,757.7,9.25,756.3,0.13801064889324768
2021-09-06 08:45:00,757.7,9.467,756.3,0.138011286655385
2021-09-06 09:00:00,757.583,9.937,756.3193333333332,0.13664810102988337
2021-09-06 09:15:00,757.583,10.243,756.3386666666667,0.13645539209327318
2021-09-06 09:30:00,757.583,10.523,756.3193333333332,0.1366496555670458
2021-09-06 09:45:00,757.583,11.163,756.3969999999999,0.1358737840246242
2021-09-06 10:00:00,757.875,13.293,756.4943333333333,0.13782888677494892
2021-09-06 10:15:00,757.758,16.023,756.572,0.13588588420714215
2021-09-06 10:30:00,757.583,17.21,756.65,0.13335268742885328
2021-09-06 10:45:00,757.583,17.393,756.5526666666666,0.1343287834040882
2021-09-06 11:00:00,757.408,17.783,756.358,0.13452679550974334
2021-09-06 11:15:00,757.583,19.143,756.2996666666667,0.1368697473491746
2021-09-06 11:30:00,757.292,20.39,756.1246666666667,0.13570951175237506
2021-09-06 11:45:00,757.292,20.88,756.0663333333333,0.13629591375389447
2021-09-06 12:00:00,757.292,20.607,756.086,0.13609792617696018
2021-09-06 12:15:00,756.942,20.147,755.8336666666667,0.13511711781356664
2021-09-06 12:30:00,756.767,19.573,755.717,0.1345307411119062
2021-09-06 12:45:00,756.942,19.833,755.678,0.13667769635160917
2021-09-06 13:00:00,756.592,19.8,755.639,0.13355835535867333
2021-09-06 13:15:00,756.767,19.467,755.6196666666666,0.13550666878833278
2021-09-06 13:30:00,756.592,18.82,755.3276666666667,0.1366783509281348
2021-09-06 13:45:00,756.3,18.733,755.133,0.13570210866507254
2021-09-06 14:00:00,755.95,19.5,755.0163333333334,0.13336385877633322
2021-09-06 14:15:00,755.95,20.963,754.7443333333333,0.1360954834095879
2021-09-06 14:30:00,755.833,22.007,754.6086666666666,0.13628543436606888
2021-09-06 14:45:00,755.483,21.917,754.492,0.13394389018677397
2021-09-06 15:00:00,755.133,21.187,754.3363333333333,0.13199269017528809
2021-09-06 15:15:00,755.133,20.7,754.025,0.1351150606004871
2021-09-06 15:30:00,754.842,20.39,753.9666666666667,0.13278046198222018
2021-09-06 15:45:00,754.667,19.853,753.7526666666666,0.13317063994280637
2021-09-06 16:00:00,754.842,19.493,753.558,0.13687737634993613
2021-09-06 16:15:00,754.492,19.527,753.461,0.13434008528357627
2021-09-06 16:30:00,754.667,20.467,753.3056666666668,0.13765574432333097
2021-09-06 16:45:00,754.492,21.38,753.383,0.13512667535482925
2021-09-06 17:00:00,754.667,21.597,753.383,0.13688304763819611
2021-09-06 17:15:00,754.375,21.323,753.2860000000001,0.13492588363297106
2021-09-06 17:30:00,754.375,20.12,753.092,0.13686903598984476
2021-09-06 17:45:00,754.2,19.423,753.1306666666667,0.13472430374708871
2021-09-06 18:00:00,754.317,18.647,753.208,0.13512031264466243
2021-09-06 18:15:00,754.2,17.877,753.1693333333333,0.13433317218289487
2021-09-06 18:30:00,754.2,16.837,753.092,0.13510607524153154
2021-09-06 18:45:00,754.2,16.07,753.092,0.13510429119537049
2021-09-06 19:00:00,754.2,15.367,753.1306666666667,0.1347151987038164
2021-09-06 19:15:00,754.2,14.597,753.2663333333334,0.1333542487470666
2021-09-06 19:30:00,754.317,14.12,753.383,0.13335665308916367
2021-09-06 19:45:00,754.317,13.737,753.383,0.13335590212949522
2021-09-06 20:00:00,754.667,13.247,753.4413333333333,0.13627627388426927
2021-09-06 20:15:00,754.842,12.597,753.6553333333334,0.13588403074715907
2021-09-06 20:30:00,754.958,12.093,753.85,0.13509504067179198
2021-09-06 20:45:00,755.133,11.727,753.9083333333333,0.13626235008600793
2021-09-06 21:00:00,755.308,11.483,754.064,0.13645529379941718
2021-09-06 21:15:00,755.483,11.397,754.2003333333333,0.13684220426555896
2021-09-06 21:30:00,755.483,11.25,754.317,0.13567376453446633
2021-09-06 21:45:00,755.483,11.17,754.317,0.13567356871335978
2021-09-06 22:00:00,755.6,11.123,754.317,0.13684480365063134
2021-09-06 22:15:00,755.6,10.993,754.317,0.1368444535112407
2021-09-06 22:30:00,755.6,10.813,754.2586666666667,0.13742793714218837
2021-09-06 22:45:00,755.483,10.607,754.142,0.1374240202611791
2021-09-06 23:00:00,755.483,10.383,754.142,0.13742338967019208
2021-09-06 23:15:00,755.308,10.19,754.142,0.1356711699048061
2021-09-06 23:30:00,755.483,10.023,754.142,0.13742237622039152
2021-09-06 23:45:00,755.483,9.837,754.2003333333333,0.13683800368449817
2021-09-07 00:00:00,755.308,9.75,754.2586666666667,0.13450241635611512
2021-09-07 00:15:00,755.308,9.717,754.142,0.13567001211251364
2021-09-07 00:30:00,755.308,9.71,754.1030000000001,0.1360603292870407
2021-09-07 00:45:00,755.308,9.627,754.064,0.13645044684076216
2021-09-07 01:00:00,755.483,9.547,754.142,0.13742103621454413
2021-09-07 01:15:00,755.483,9.46,754.2003333333333,0.13683698854407514
2021-09-07 01:30:00,755.6,9.467,754.2196666666666,0.13781446143808293
2021-09-07 01:45:00,755.6,9.573,754.1223333333334,0.13878890827897028
2021-09-07 02:00:00,755.483,9.613,754.2586666666667,0.1362535790346072
2021-09-07 02:15:00,755.483,9.633,754.142,0.13742127831644094
2021-09-07 02:30:00,755.483,9.667,754.1030000000001,0.1378117048195208
2021-09-07 02:45:00,755.308,9.567,754.025,0.13684061275146317
2021-09-07 03:00:00,755.483,9.5,754.025,0.13859185525028822
2021-09-07 03:15:00,755.308,9.54,754.064,0.1364502196395752
2021-09-07 03:30:00,755.483,9.487,754.142,0.13742086730624403
2021-09-07 03:45:00,755.483,9.433,754.1030000000001,0.13781102691909494
2021-09-07 04:00:00,755.483,9.343,754.064,0.13820107045000296
2021-09-07 04:15:00,755.483,9.317,754.142,0.1374203887327271
2021-09-07 04:30:00,755.308,9.25,754.142,0.1356688690068042
2021-09-07 04:45:00,755.483,9.237,754.1030000000001,0.137810459105063
2021-09-07 05:00:00,755.308,9.077,754.025,0.13683929299529837
2021-09-07 05:15:00,755.6,9.0,754.064,0.13937087723253921
2021-09-07 05:30:00,755.775,8.913,754.2003333333333,0.1397575301250694
2021-09-07 05:45:00,755.6,8.973,754.317,0.13683901288378586
2021-09-07 06:00:00,755.6,8.987,754.317,0.13683905059110485
2021-09-07 06:15:00,755.6,8.92,754.3753333333333,0.13625513350862634
2021-09-07 06:30:00,755.95,8.9,754.492,0.138590018797631
2021-09-07 06:45:00,755.775,8.967,754.492,0.1368389967235048
2021-09-07 07:00:00,755.95,8.913,754.492,0.13859005858743859
2021-09-07 07:15:00,756.125,8.967,754.5889999999999,0.1393707708240874
2021-09-07 07:30:00,756.417,9.083,754.783,0.14035185593157745
2021-09-07 07:45:00,756.242,9.31,754.8413333333333,0.13801749705454786
2021-09-07 08:00:00,756.417,9.863,754.997,0.1382126283620642
2021-09-07 08:15:00,756.417,10.43,755.0360000000001,0.13782392532193938
2021-09-07 08:30:00,756.417,10.88,754.958,0.13860609011958766
2021-09-07 08:45:00,756.417,11.403,754.958,0.13860769199208012
2021-09-07 09:00:00,756.417,11.7,754.997,0.13821810442541396
2021-09-07 09:15:00,756.767,11.887,755.1333333333333,0.14035813657744417
2021-09-07 09:30:00,756.767,12.477,755.3083333333333,0.13860764337005746
2021-09-07 09:45:00,756.767,13.047,755.5223333333333,0.13646605524931868
2021-09-07 10:00:00,756.767,15.14,755.678,0.13491174855888355
2021-09-07 10:15:00,756.942,18.063,755.6973333333334,0.13647916159292706
2021-09-07 10:30:00,756.767,19.243,755.8336666666667,0.13336001218701346
2021-09-07 10:45:00,756.767,18.807,755.717,0.13452905265869014
2021-09-07 11:00:00,756.942,18.64,755.678,0.13667453073379984
2021-09-07 11:15:00,756.767,20.037,755.6,0.13570530328657407
2021-09-07 11:30:00,756.942,21.41,755.6,0.13746446533424367
2021-09-07 11:45:00,756.767,22.12,755.639,0.13531905601064811
2021-09-07 12:00:00,756.592,22.147,755.6196666666666,0.1337570546346555
2021-09-07 12:15:00,756.475,21.507,755.3276666666667,0.13551158228585633
2021-09-07 12:30:00,756.3,20.823,755.172,0.135315984726214
2021-09-07 12:45:00,756.125,20.593,755.1526666666666,0.13375388260563478
2021-09-07 13:00:00,756.125,21.233,754.958,0.13570823332285922
2021-09-07 13:15:00,756.125,22.043,754.958,0.1357102177119821
2021-09-07 13:30:00,755.95,22.0,754.861,0.1349274313355697
2021-09-07 13:45:00,755.833,21.41,754.667,0.13569863381499744
2021-09-07 14:00:00,755.833,21.36,754.7056666666667,0.13531056765164606
2021-09-07 14:15:00,755.95,22.453,754.7443333333333,0.1360992546523128
2021-09-07 14:30:00,755.833,22.187,754.6473333333333,0.13589788610140074
2021-09-07 14:45:00,755.658,21.123,754.608,0.13453415769478463
2021-09-07 15:00:00,755.658,19.887,754.608,0.13453143324546996
2021-09-07 15:15:00,755.658,18.963,754.608,0.13452939652122498
2021-09-07 15:30:00,755.658,18.86,754.511,0.13550186418847412
2021-09-07 15:45:00,755.483,18.7,754.3753333333333,0.13510706610811
2021-09-07 16:00:00,755.483,19.09,754.3946666666667,0.13491409322026685
2021-09-07 16:15:00,755.483,19.88,754.239,0.13647722263121861
2021-09-07 16:30:00,755.483,20.023,754.278,0.13608641742170524
2021-09-07 16:45:00,755.308,21.387,754.3556666666667,0.1335548416136201
2021-09-07 17:00:00,755.308,21.423,754.5503333333334,0.13160179159247148
2021-09-07 17:15:00,755.483,20.24,754.317,0.13569576993131424
2021-09-07 17:30:00,755.308,18.753,754.317,0.13393730783493932
2021-09-07 17:45:00,755.483,17.777,754.3753333333333,0.135104919850982
2021-09-07 18:00:00,755.658,16.903,754.492,0.135687601743409
2021-09-07 18:15:00,755.308,16.16,754.4336666666667,0.13276266693909514
2021-09-07 18:30:00,755.658,15.533,754.3753333333333,0.13685334119073186
2021-09-07 18:45:00,755.483,15.02,754.492,0.13392954174157362
2021-09-07 19:00:00,755.483,14.63,754.492,0.1339287303897354
2021-09-07 19:15:00,755.658,14.307,754.5306666666667,0.13529387608137028
2021-09-07 19:30:00,755.95,13.973,754.7246666666666,0.13627480272379278
2021-09-07 19:45:00,755.95,13.643,754.958,0.1339366938739724
2021-09-07 20:00:00,756.125,13.37,755.0553333333334,0.1347140545238061
2021-09-07 20:15:00,756.417,13.167,755.3083333333333,0.13510421602111622
2021-09-07 20:30:00,756.417,13.213,755.4639999999999,0.13354517729726556
2021-09-07 20:45:00,756.942,13.087,755.6003333333333,0.1374376789117855
2021-09-07 21:00:00,756.942,12.86,755.7753333333334,0.13568438222407853
2021-09-07 21:15:00,756.767,12.907,755.9306666666668,0.13237611537511498
2021-09-07 21:30:00,757.058,12.77,756.008,0.13451574561943888
2021-09-07 21:45:00,757.233,12.517,756.008,0.1362677192691007
2021-09-07 22:00:00,757.408,12.417,756.0663333333333,0.13743579183142146
2021-09-07 22:15:00,757.408,12.257,756.183,0.1362670506475066
2021-09-07 22:30:00,757.408,12.1,756.183,0.13626664690292775
2021-09-07 22:45:00,757.408,11.913,756.183,0.13626616600970323
2021-09-07 23:00:00,757.408,11.807,756.222,0.13587538742329527
2021-09-07 23:15:00,757.408,11.76,756.3,0.13509426611198694
2021-09-07 23:30:00,757.583,11.637,756.261,0.13723668012419563
2021-09-07 23:45:00,757.583,11.523,756.2803333333334,0.13704279110370646
2021-09-08 00:00:00,757.758,11.477,756.4166666666666,0.137429806858684
2021-09-08 00:15:00,757.758,11.397,756.4166666666666,0.13742958159163632
2021-09-08 00:30:00,757.758,11.53,756.5916666666667,0.13567778737258013
2021-09-08 00:45:00,757.758,11.483,756.5333333333333,0.13626172278109838
2021-09-08 01:00:00,757.875,11.237,756.65,0.13626442759355328
2021-09-08 01:15:00,757.875,11.163,756.5916666666667,0.13684824859325415
2021-09-08 01:30:00,758.225,10.973,756.5333333333333,0.14093565294660423
2021-09-08 01:45:00,757.875,10.86,756.5916666666667,0.13684743228710833
2021-09-08 02:00:00,757.875,10.867,756.5333333333333,0.13743142619774196
2021-09-08 02:15:00,757.875,10.733,756.5916666666667,0.13684709013898783
2021-09-08 02:30:00,757.758,10.593,756.475,0.13684337615926942
2021-09-08 02:45:00,757.758,10.41,756.475,0.1368428832707426
2021-09-08 03:00:00,757.7,10.217,756.475,0.13626180453960293
2021-09-08 03:15:00,757.7,10.25,756.475,0.13626188940311315
2021-09-08 03:30:00,757.875,10.103,756.475,0.13801315585685509
2021-09-08 03:45:00,757.7,9.963,756.475,0.1362611513477365
2021-09-08 04:00:00,757.7,9.863,756.475,0.13626089418558435
2021-09-08 04:15:00,757.7,9.75,756.475,0.13626060359235243
2021-09-08 04:30:00,757.875,9.593,756.5333333333333,0.13742783792851243
2021-09-08 04:45:00,757.875,9.46,756.5916666666667,0.13684366057554362
2021-09-08 05:00:00,757.7,9.447,756.4166666666666,0.13684362555250915
2021-09-08 05:15:00,757.875,9.507,756.4166666666666,0.13859521272419226
2021-09-08 05:30:00,758.05,9.613,756.65,0.13801171574880308
2021-09-08 05:45:00,758.05,9.607,756.5916666666667,0.13859551886961147
2021-09-08 06:00:00,757.875,9.69,756.5333333333333,0.13742811113268455
2021-09-08 06:15:00,758.05,9.797,756.689,0.13762191509232943
2021-09-08 06:30:00,758.225,9.553,756.767,0.13859201747027308
2021-09-08 06:45:00,758.05,9.23,756.767,0.1368397050824259
2021-09-08 07:00:00,758.05,9.007,756.767,0.13683910445870193
2021-09-08 07:15:00,758.225,8.947,756.8253333333333,0.13800642272069394
2021-09-08 07:30:00,758.4,9.097,757.0003333333333,0.13800686346513494
2021-09-08 07:45:00,758.517,9.303,757.117,0.13801080466003698
2021-09-08 08:00:00,758.517,9.647,757.1556666666667,0.13762482267032014
2021-09-08 08:15:00,758.517,9.843,757.233,0.1368513649755499
2021-09-08 08:30:00,758.692,9.943,757.2913333333333,0.13801935832492873
2021-09-08 08:45:00,758.517,10.43,757.311,0.13607216070836983
2021-09-08 09:00:00,758.517,10.953,757.1753333333334,0.13743166841999765
2021-09-08 09:15:00,758.867,11.19,757.292,0.13976839436372407
2021-09-08 09:30:00,758.692,11.537,757.292,0.13801737037715417
2021-09-08 09:45:00,758.867,12.237,757.389,0.1388005100733708
2021-09-08 10:00:00,758.867,14.2,757.583,0.13686310917847078
2021-09-08 10:15:00,758.867,16.857,757.6413333333334,0.13628556249023419
2021-09-08 10:30:00,758.692,18.03,757.6610000000001,0.13433684523569261
2021-09-08 10:45:00,758.692,17.97,757.5056666666667,0.13589407372009632
2021-09-08 11:00:00,758.692,18.237,757.583,0.13511935812173217
2021-09-08 11:15:00,758.867,19.687,757.5443333333333,0.13726570724685325
2021-09-08 11:30:00,758.75,21.13,757.4473333333333,0.13706906303828553
2021-09-08 11:45:00,758.75,21.79,757.3693333333333,0.1378535145637748
2021-09-08 12:00:00,758.575,21.637,757.2336666666666,0.13745841577373752
2021-09-08 12:15:00,758.4,20.943,757.117,0.13687125264152564
2021-09-08 12:30:00,758.05,20.293,757.078,0.13374992664857555
2021-09-08 12:45:00,758.05,20.113,756.9416666666667,0.13511703870558883
2021-09-08 13:00:00,758.05,21.08,756.825,0.13628974006418848
2021-09-08 13:15:00,757.933,21.41,756.7276666666667,0.13609327040452768
2021-09-08 13:30:00,757.758,20.44,756.4746666666666,0.13687324157053132
2021-09-08 13:45:00,757.583,20.147,756.358,0.1362873407413105
2021-09-08 14:00:00,757.408,19.453,756.2996666666667,0.13511550308016754
2021-09-08 14:15:00,757.408,17.93,756.2413333333333,0.1356967994822834
2021-09-08 14:30:00,757.583,18.257,756.2996666666667,0.13686736039457004
2021-09-08 14:45:00,757.233,19.183,756.183,0.13452988145556902
2021-09-08 15:00:00,757.117,19.58,756.086,0.13434019999469038
2021-09-08 15:15:00,757.117,20.063,755.892,0.13628712472509974
2021-09-08 15:30:00,757.117,19.693,755.8336666666667,0.1368712290930021
2021-09-08 15:45:00,756.942,19.447,755.717,0.1362855406062455
2021-09-08 16:00:00,756.592,19.33,755.6586666666667,0.13336018264878138
2021-09-08 16:15:00,756.592,19.447,755.4446666666666,0.13550662061678842
2021-09-08 16:30:00,756.592,19.693,755.3083333333333,0.1368745722693917
2021-09-08 16:45:00,756.475,20.593,755.425,0.1345329894438649
2021-09-08 17:00:00,756.767,21.393,755.3666666666667,0.13804968148795305
2021-09-08 17:15:00,756.592,21.13,755.25,0.1374636765077107
2021-09-08 17:30:00,756.592,20.253,755.25,0.13746120579031995
2021-09-08 17:45:00,756.125,20.0,755.25,0.1327764019378177
2021-09-08 18:00:00,756.3,19.303,755.25,0.13453014596520974
2021-09-08 18:15:00,756.3,18.593,755.25,0.13452858094982673
2021-09-08 18:30:00,756.3,17.693,755.25,0.1345265971275102
2021-09-08 18:45:00,756.3,16.797,755.3083333333333,0.13393992089317308
2021-09-08 19:00:00,756.475,16.54,755.3666666666667,0.13510872538795912
2021-09-08 19:15:00,756.475,16.54,755.3083333333333,0.1356933951452217
2021-09-08 19:30:00,756.475,16.447,755.425,0.13452385063572683
2021-09-08 19:45:00,756.475,16.26,755.3666666666667,0.13510807391050705
2021-09-08 20:00:00,756.592,16.023,755.3473333333334,0.13647383126179446
2021-09-08 20:15:00,756.767,15.737,755.6003333333333,0.13569142846704865
2021-09-08 20:30:00,756.767,15.48,755.717,0.13452171912886007
2021-09-08 20:45:00,757.117,15.54,755.814,0.13705711652660502
2021-09-08 21:00:00,757.233,15.557,756.0663333333333,0.135690987617645
2021-09-08 21:15:00,757.233,15.54,756.183,0.1345218513836812
2021-09-08 21:30:00,757.233,15.557,756.183,0.13452188885588048
2021-09-08 21:45:00,757.408,15.473,756.1246666666667,0.13685986007671413
2021-09-08 22:00:00,757.233,15.08,756.0663333333333,0.13568981936672528
2021-09-08 22:15:00,757.233,14.353,756.183,0.1345192349424704
2021-09-08 22:30:00,757.233,13.45,756.222,0.13412660399713738
2021-09-08 22:45:00,757.408,12.67,756.261,0.13548695942701414
2021-09-08 23:00:00,757.408,12.113,756.222,0.135876149286639
2021-09-08 23:15:00,757.408,11.787,756.3583333333333,0.13451024120054333
2021-09-08 23:30:00,757.408,11.563,756.475,0.13334162704003666
2021-09-08 23:45:00,757.758,11.337,756.475,0.13684538003393595
2021-09-09 00:00:00,757.875,11.123,756.4166666666666,0.13860016003416675
2021-09-09 00:15:00,757.7,10.867,756.3583333333333,0.13743142619774346
2021-09-09 00:30:00,757.758,10.66,756.475,0.13684355661572462
2021-09-09 00:45:00,757.408,10.537,756.475,0.13333961748471065
2021-09-09 01:00:00,757.7,10.51,756.475,0.1362625580247087
2021-09-09 01:15:00,757.7,10.517,756.4166666666666,0.13684650821777647
2021-09-09 01:30:00,757.583,10.49,756.3,0.13684309874113684
2021-09-09 01:45:00,757.583,10.45,756.3,0.13684299100593972
2021-09-09 02:00:00,757.583,10.137,756.3583333333333,0.1362582623204088
2021-09-09 02:15:00,757.583,9.937,756.4166666666666,0.13567388697007687
2021-09-09 02:30:00,757.583,9.797,756.261,0.13723157366058877
2021-09-09 02:45:00,757.583,9.743,756.183,0.13801209781828774
2021-09-09 03:00:00,757.583,9.64,756.183,0.13801179510169723
2021-09-09 03:15:00,757.583,9.513,756.222,0.1376211036691171
2021-09-09 03:30:00,757.583,9.343,756.3,0.13684000943435926
2021-09-09 03:45:00,757.583,9.17,756.3,0.1368395434796317
2021-09-09 04:00:00,757.583,9.04,756.261,0.13722947279485487
2021-09-09 04:15:00,757.7,8.993,756.183,0.1391807203911544
2021-09-09 04:30:00,757.408,8.92,756.222,0.13586819951651968
2021-09-09 04:45:00,757.583,8.767,756.261,0.13722871515106974
2021-09-09 05:00:00,757.408,8.623,756.183,0.13625770537489781
2021-09-09 05:15:00,757.583,8.59,756.1246666666667,0.13859240537069803
2021-09-09 05:30:00,757.583,8.577,756.1053333333333,0.13878581864680387
2021-09-09 05:45:00,757.583,8.463,756.3,0.13683763926002251
2021-09-09 06:00:00,757.583,8.3,756.261,0.1372274191084043
2021-09-09 06:15:00,757.583,8.187,756.183,0.13800752474047367
2021-09-09 06:30:00,757.583,8.097,756.1246666666667,0.1385908960737813
2021-09-09 06:45:00,757.7,7.997,756.1053333333333,0.13995460164966683
2021-09-09 07:00:00,757.7,7.923,756.3,0.13800674884552322
2021-09-09 07:15:00,757.875,7.923,756.4166666666666,0.13859036338075187
2021-09-09 07:30:00,758.05,8.11,756.65,0.13800729843777831
2021-09-09 07:45:00,758.05,8.387,756.65,0.1380081125396771
2021-09-09 08:00:00,758.05,8.853,756.65,0.13800948211182448
2021-09-09 08:15:00,758.225,9.237,756.689,0.13937164143868114
2021-09-09 08:30:00,758.05,9.467,756.7280000000001,0.13723065782744043
2021-09-09 08:45:00,758.05,10.05,756.65,0.13801300009006578
2021-09-09 09:00:00,758.4,10.417,756.7083333333334,0.1409336784311085
2021-09-09 09:15:00,758.225,10.753,756.9223333333333,0.13704068541102146
2021-09-09 09:30:00,758.4,11.1,757.117,0.13684474170289299
2021-09-09 09:45:00,758.517,11.727,757.1753333333334,0.1374338484202988
2021-09-09 10:00:00,758.575,14.193,757.2336666666666,0.13743745467495225
2021-09-09 10:15:00,758.575,16.877,757.1753333333334,0.13802972341006353
2021-09-09 10:30:00,758.4,17.767,757.2336666666666,0.1356930584400082
2021-09-09 10:45:00,758.225,17.707,757.117,0.13510809886624986
2021-09-09 11:00:00,758.4,17.613,757.078,0.13725326502990856
2021-09-09 11:15:00,758.05,18.84,756.9416666666667,0.13511407680988702
2021-09-09 11:30:00,758.05,20.663,756.825,0.13628866769801407
2021-09-09 11:45:00,758.05,21.91,756.825,0.13629187451005126
2021-09-09 12:00:00,758.05,22.32,756.7666666666667,0.13687830644034535
2021-09-09 12:15:00,757.933,21.967,756.611,0.13726534847694496
2021-09-09 12:30:00,757.583,21.227,756.533,0.13453438693647454
2021-09-09 12:45:00,757.583,20.997,756.4163333333333,0.13570431106628925
2021-09-09 13:00:00,757.292,21.547,756.2413333333333,0.13454178124301028
2021-09-09 13:15:00,757.408,22.397,756.261,0.1355103808510402
2021-09-09 13:30:00,757.408,22.257,756.1056666666667,0.1370688000360947
2021-09-09 13:45:00,757.292,21.813,756.086,0.13610097944954722
2021-09-09 14:00:00,757.408,22.257,755.9503333333333,0.1386275563239932
2021-09-09 14:15:00,757.117,22.19,756.0086666666667,0.13512187127225875
2021-09-09 14:30:00,756.942,22.677,755.8336666666667,0.13512300437768732
2021-09-09 14:45:00,756.767,21.7,755.6586666666667,0.13512073118671908
2021-09-09 15:00:00,756.475,20.553,755.503,0.13375045717934364
2021-09-09 15:15:00,756.475,20.023,755.3666666666667,0.1351168293021221
2021-09-09 15:30:00,756.125,19.513,755.25,0.13277550738090274
2021-09-09 15:45:00,756.3,19.323,755.1526666666666,0.13550632195321188
2021-09-09 16:00:00,756.3,20.447,754.958,0.1374617523344178
2021-09-09 16:15:00,755.95,21.257,755.0163333333334,0.13336730254982324
2021-09-09 16:30:00,756.125,21.807,755.133,0.13395369531099618
2021-09-09 16:45:00,755.95,21.98,755.0163333333334,0.1333687196518342
2021-09-09 17:00:00,755.95,21.82,754.8413333333333,0.13512435505612255
2021-09-09 17:15:00,755.833,21.647,754.8996666666667,0.13336472241797384
2021-09-09 17:30:00,755.658,20.727,754.783,0.1327777373441378
2021-09-09 17:45:00,755.833,20.46,754.8413333333333,0.13394754648573157
2021-09-09 18:00:00,755.833,19.893,754.8413333333333,0.13394636611145322
2021-09-09 18:15:00,755.833,18.587,754.6663333333333,0.1356984085826053
2021-09-09 18:30:00,755.95,17.647,754.783,0.13569944811373147
2021-09-09 18:45:00,755.775,17.123,754.783,0.13394394093433937
2021-09-09 19:00:00,755.95,16.447,754.783,0.13569650827799387
2021-09-09 19:15:00,755.95,15.803,754.783,0.135694930566148
2021-09-09 19:30:00,755.95,15.227,754.783,0.13569351944499394
2021-09-09 19:45:00,756.125,14.703,754.783,0.13744557012154152
2021-09-09 20:00:00,756.125,14.247,754.8803333333334,0.1364691907382202
2021-09-09 20:15:00,756.125,13.9,755.075,0.1345182364185696
2021-09-09 20:30:00,756.3,13.597,755.075,0.1362704966203438
2021-09-09 20:45:00,756.417,13.343,755.1916666666667,0.1362731821613834
2021-09-09 21:00:00,756.417,13.12,755.4639999999999,0.13354499123992367
2021-09-09 21:15:00,756.592,12.853,755.6003333333333,0.13393171031794604
2021-09-09 21:30:00,756.767,12.763,755.717,0.13451573018971122
2021-09-09 21:45:00,757.058,12.563,755.717,0.13742952667176356
2021-09-09 22:00:00,757.058,12.317,755.717,0.1374288341477332
2021-09-09 22:15:00,756.942,12.107,755.717,0.13626666490427838
2021-09-09 22:30:00,757.058,11.847,755.717,0.1374275110327158
2021-09-09 22:45:00,756.942,11.577,755.7753333333334,0.1356812399474957
2021-09-09 23:00:00,756.942,11.443,755.892,0.13451282058364553
2021-09-09 23:15:00,757.058,11.297,755.9306666666668,0.13528675264077122
2021-09-09 23:30:00,757.233,11.157,755.9693333333333,0.1366513374383103
2021-09-09 23:45:00,757.233,11.143,755.8723333333334,0.13762242358779123
2021-09-10 00:00:00,757.233,11.107,755.8526666666667,0.13781921368269276
2021-09-10 00:15:00,757.058,10.893,755.9306666666668,0.13528579653778072
2021-09-10 00:30:00,757.058,10.593,755.9496666666666,0.13509488847221926
2021-09-10 00:45:00,757.233,10.417,755.8913333333334,0.1374301587557064
2021-09-10 01:00:00,757.058,10.317,756.008,0.13451033860150285
2021-09-10 01:15:00,757.408,10.263,756.008,0.13801362609621898
2021-09-10 01:30:00,757.233,10.21,755.9496666666666,0.13684568113531193
2021-09-10 01:45:00,757.408,10.057,755.8913333333334,0.1391807723849579
2021-09-10 02:00:00,757.408,9.897,755.9496666666666,0.13859640669132867
2021-09-10 02:15:00,757.058,9.863,755.8913333333334,0.1356770420815074
2021-09-10 02:30:00,757.408,9.817,756.008,0.13801231530399208
2021-09-10 02:45:00,757.233,9.843,756.008,0.13626084275315245
2021-09-10 03:00:00,757.408,9.777,756.008,0.1380121977441511
2021-09-10 03:15:00,757.408,9.567,756.008,0.13801158055498597
2021-09-10 03:30:00,757.583,9.363,756.0663333333333,0.13917856274978166
2021-09-10 03:45:00,757.7,9.177,756.222,0.1387910156887024
2021-09-10 04:00:00,757.7,9.027,756.3583333333333,0.137426243768087
2021-09-10 04:15:00,757.583,8.927,756.4166666666666,0.13567141402184818
2021-09-10 04:30:00,757.7,8.873,756.3,0.13800954089174647
2021-09-10 04:45:00,757.583,8.8,756.3583333333333,0.13625482499801508
2021-09-10 05:00:00,757.7,8.793,756.4166666666666,0.13684186362439246
2021-09-10 05:15:00,757.7,8.767,756.3583333333333,0.13742551146824422
2021-09-10 05:30:00,757.875,8.767,756.5333333333333,0.13742551146824272
2021-09-10 05:45:00,758.05,8.793,756.5916666666667,0.13859302684589905
2021-09-10 06:00:00,757.875,8.743,756.5333333333333,0.13742544387133415
2021-09-10 06:15:00,757.875,8.683,756.689,0.13586760944588924
2021-09-10 06:30:00,758.225,8.69,756.767,0.13858937603919896
2021-09-10 06:45:00,758.225,8.703,756.767,0.13858941582900655
2021-09-10 07:00:00,758.342,8.753,756.8836666666667,0.13859290438773136
2021-09-10 07:15:00,758.517,8.767,757.117,0.13800922935816787
2021-09-10 07:30:00,758.4,8.86,757.1556666666667,0.1364517794100821
2021-09-10 07:45:00,758.517,9.13,757.233,0.13684944309887245
2021-09-10 08:00:00,758.692,9.667,757.233,0.1386023748780325
2021-09-10 08:15:00,758.867,9.877,757.2913333333333,0.13977072571429056
2021-09-10 08:30:00,758.867,10.01,757.4663333333333,0.13801955533142884
2021-09-10 08:45:00,759.042,10.517,757.583,0.13860497830368945
2021-09-10 09:00:00,758.867,10.88,757.583,0.13685416018749025
2021-09-10 09:15:00,758.867,11.093,757.583,0.1368547343245622
2021-09-10 09:30:00,758.692,11.523,757.6413333333334,0.13451967184208918
2021-09-10 09:45:00,758.867,12.577,757.758,0.13510618104908367
2021-09-10 10:00:00,758.867,15.2,757.8163333333333,0.13452778200441626
2021-09-10 10:15:00,758.867,17.62,757.933,0.1333635156448793
2021-09-10 10:30:00,758.692,18.237,757.8746666666667,0.1321949702778739
2021-09-10 10:45:00,758.867,17.97,757.758,0.13511873651777365
2021-09-10 11:00:00,758.867,17.85,757.6610000000001,0.1360909461831575
2021-09-10 11:15:00,758.75,19.083,757.467,0.1368662429548593
2021-09-10 11:30:00,758.75,21.17,757.4473333333333,0.1370691724249185
2021-09-10 11:45:00,758.4,22.403,757.3693333333333,0.1343429649120473
2021-09-10 12:00:00,758.4,21.993,757.2336666666666,0.13570340564715122
2021-09-10 12:15:00,758.05,20.99,757.0196666666667,0.13433656357524187
2021-09-10 12:30:00,757.933,20.69,756.864,0.13472380407664494
2021-09-10 12:45:00,757.933,19.533,756.903,0.1343300690764625
2021-09-10 13:00:00,757.933,20.12,756.7276666666667,0.13609000627157158
2021-09-10 13:15:00,758.05,21.437,756.6303333333334,0.13824378584727845
2021-09-10 13:30:00,757.933,22.03,756.6693333333334,0.13668018126521678
2021-09-10 13:45:00,757.933,21.917,756.4163333333333,0.13921853358554706
2021-09-10 14:00:00,757.583,21.807,756.4163333333333,0.13570629488860575
2021-09-10 14:15:00,757.583,22.983,756.183,0.13805101012565169
2021-09-10 14:30:00,757.408,23.693,756.086,0.13727013856182835
2021-09-10 14:45:00,757.408,23.51,755.8336666666667,0.13980243715387472
2021-09-10 15:00:00,757.117,22.863,755.717,0.13805065744612724
2021-09-10 15:15:00,757.117,22.043,755.717,0.13804824746938718
2021-09-10 15:30:00,756.767,21.493,755.6196666666666,0.13551154856577674
2021-09-10 15:45:00,756.592,21.463,755.425,0.1357087967913771
2021-09-10 16:00:00,756.592,21.867,755.3666666666667,0.1362951086279943
2021-09-10 16:15:00,756.3,19.667,755.25,0.13453094831112442
2021-09-10 16:30:00,756.3,20.657,755.211,0.13492436107768344
2021-09-10 16:45:00,756.125,21.157,755.172,0.13356107019537172
2021-09-10 17:00:00,756.3,21.853,755.211,0.1349270952760678
2021-09-10 17:15:00,756.475,22.64,755.1136666666667,0.13766195437434692
2021-09-10 17:30:00,756.475,21.603,755.1333333333333,0.13746166454817235
2021-09-10 17:45:00,756.3,21.02,755.1526666666666,0.13551040930875108
2021-09-10 18:00:00,756.3,20.433,754.997,0.13707050067041548
2021-09-10 18:15:00,756.3,19.23,755.075,0.13628498256437388
2021-09-10 18:30:00,756.3,18.303,755.1333333333333,0.13569771302021283
2021-09-10 18:45:00,756.475,17.367,755.1916666666667,0.13686496266364526
2021-09-10 19:00:00,756.3,16.963,755.1333333333333,0.13569443114131885
2021-09-10 19:15:00,756.475,16.553,755.3083333333333,0.1356934269843453
2021-09-10 19:30:00,756.592,16.473,755.425,0.13569657197443485
2021-09-10 19:45:00,756.475,16.553,755.425,0.13452408428591078
2021-09-10 20:00:00,756.592,16.75,755.4639999999999,0.1353063398985362
2021-09-10 20:15:00,756.767,16.923,755.542,0.136279049833524
2021-09-10 20:30:00,756.592,16.943,755.6003333333333,0.13394022483434526
2021-09-10 20:45:00,756.942,16.757,755.7753333333334,0.13569392661366797
2021-09-10 21:00:00,757.233,16.743,755.9306666666668,0.1370537249472179
2021-09-10 21:15:00,757.233,16.52,756.1246666666667,0.1351086788538554
2021-09-10 21:30:00,757.408,16.427,756.358,0.13452380655078647
2021-09-10 21:45:00,757.408,16.393,756.358,0.13452373160638784
2021-09-10 22:00:00,757.233,16.347,756.358,0.13276969184252083
2021-09-10 22:15:00,757.408,16.353,756.2996666666667,0.13510829029409083
2021-09-10 22:30:00,757.233,16.333,756.183,0.13452359935156674
2021-09-10 22:45:00,757.233,16.373,756.183,0.13452368752144747
2021-09-10 23:00:00,757.408,16.26,756.2413333333333,0.13569270937948266
2021-09-10 23:15:00,757.408,16.187,756.358,0.13452327753150206
2021-09-10 23:30:00,757.583,15.983,756.358,0.13627663250929536
2021-09-10 23:45:00,757.408,15.783,756.358,0.13452238701570665
2021-09-11 00:00:00,757.408,15.577,756.358,0.13452193294082085
2021-09-11 00:15:00,757.583,15.473,756.358,0.13627532098231945
2021-09-11 00:30:00,757.408,15.393,756.358,0.13452152735936948
2021-09-11 00:45:00,757.408,15.193,756.358,0.1345210865099658
2021-09-11 01:00:00,757.583,15.073,756.358,0.13627429233371088
2021-09-11 01:15:00,757.408,14.95,756.358,0.13452055087794035
2021-09-11 01:30:00,757.583,14.73,756.2996666666667,0.13685785837550662
2021-09-11 01:45:00,757.408,14.623,756.2413333333333,0.1356887000990726
2021-09-11 02:00:00,757.233,13.783,756.2996666666667,0.13334931424148438
2021-09-11 02:15:00,757.583,12.53,756.183,0.13802028880020795
2021-09-11 02:30:00,757.583,11.637,756.1246666666667,0.13860173362162154
2021-09-11 02:45:00,757.058,11.073,756.008,0.13451200501224875
2021-09-11 03:00:00,757.233,10.753,756.008,0.13626318292873693
2021-09-11 03:15:00,757.058,10.503,755.9496666666666,0.13509467906875253
2021-09-11 03:30:00,757.233,10.29,755.833,0.13801370544911315
2021-09-11 03:45:00,757.233,10.103,755.7943333333333,0.13840018587576
2021-09-11 04:00:00,757.233,9.983,755.814,0.13820297693473985
2021-09-11 04:15:00,757.233,9.877,755.9496666666666,0.13684478400677544
2021-09-11 04:30:00,757.233,9.71,755.833,0.13801200083141896
2021-09-11 04:45:00,757.233,9.593,755.833,0.1380116569688841
2021-09-11 05:00:00,757.058,9.48,755.833,0.13625990925454165
2021-09-11 05:15:00,757.583,9.38,755.8913333333334,0.14092999574663165
2021-09-11 05:30:00,757.583,9.237,756.0663333333333,0.13917816157682433
2021-09-11 05:45:00,757.583,9.077,756.183,0.13801014044693546
2021-09-11 06:00:00,757.583,8.92,756.1246666666667,0.13859341565058145
2021-09-11 06:15:00,757.583,8.703,756.008,0.13976017142022362
2021-09-11 06:30:00,757.583,8.563,756.008,0.13975970852834976
2021-09-11 06:45:00,757.7,8.503,756.0663333333333,0.14034653105314998
2021-09-11 07:00:00,757.583,8.51,756.183,0.1380084740361896
2021-09-11 07:15:00,757.583,8.603,756.183,0.13800874736281987
2021-09-11 07:30:00,757.875,8.657,756.222,0.14054051552243044
2021-09-11 07:45:00,757.875,8.793,756.3,0.13976046899357109
2021-09-11 08:00:00,757.875,9.21,756.3583333333333,0.1391780756111891
2021-09-11 08:15:00,757.875,9.717,756.5333333333333,0.13742818717920666
2021-09-11 08:30:00,758.05,10.13,756.65,0.13801323520974773
2021-09-11 08:45:00,758.225,10.793,756.7083333333334,0.13918311574445474
2021-09-11 09:00:00,758.225,11.297,756.825,0.13801666501810828
2021-09-11 09:15:00,758.4,11.68,756.825,0.13977001448528406
2021-09-11 09:30:00,758.225,12.193,756.825,0.1380192983585462
2021-09-11 09:45:00,758.4,13.02,756.864,0.1393838397164893
2021-09-11 10:00:00,758.4,14.99,757.0003333333333,0.13802417884501578
2021-09-11 10:15:00,758.4,17.803,757.117,0.1368627954285513
2021-09-11 10:30:00,758.4,18.407,757.2336666666666,0.13569462545670757
2021-09-11 10:45:00,758.4,17.917,757.4086666666667,0.13393891056307167
2021-09-11 11:00:00,758.4,17.843,757.2336666666666,0.13569324452324125
2021-09-11 11:15:00,758.4,19.23,757.117,0.13686663888170872
2021-09-11 11:30:00,758.4,21.157,757.078,0.13726310052285567
2021-09-11 11:45:00,758.4,22.42,756.9806666666667,0.13824337037977202
2021-09-11 12:00:00,758.225,22.753,756.942,0.13687612765919407
2021-09-11 12:15:00,758.4,22.327,756.8446666666666,0.1396078612583591
2021-09-11 12:30:00,757.933,21.513,756.611,0.137264088512555
2021-09-11 12:45:00,757.933,21.093,756.4746666666666,0.13863068273246398
2021-09-11 13:00:00,757.583,21.797,756.4553333333333,0.13531494650084475
2021-09-11 13:15:00,757.583,22.747,756.5526666666666,0.13434036389793438
2021-09-11 13:30:00,757.583,22.663,756.2996666666667,0.13687923050968018
2021-09-11 13:45:00,757.408,22.097,756.1443333333333,0.1366803590024009
2021-09-11 14:00:00,757.292,22.107,756.067,0.13629238111949246
2021-09-11 14:15:00,756.942,22.913,755.9503333333333,0.1339526531137837
2021-09-11 14:30:00,756.942,23.113,755.678,0.1366863998104647
2021-09-11 14:45:00,756.767,22.863,755.5416666666666,0.13629767065999301
2021-09-11 15:00:00,756.592,22.377,755.425,0.1357110359662639
2021-09-11 15:15:00,756.475,22.037,755.425,0.1345361723765594
2021-09-11 15:30:00,756.3,21.637,755.3666666666667,0.133364702824667
2021-09-11 15:45:00,756.125,21.477,755.3083333333333,0.1321938406652893
2021-09-11 16:00:00,756.125,21.29,755.2693333333333,0.132584802456812
2021-09-11 16:15:00,756.125,20.963,755.0553333333334,0.13473110485522882
2021-09-11 16:30:00,756.3,20.843,755.211,0.13492478629582683
2021-09-11 16:45:00,756.125,20.867,755.133,0.13395173777170127
2021-09-11 17:00:00,756.3,20.67,755.0746666666666,0.1362920295594193
2021-09-11 17:15:00,756.125,21.053,754.958,0.13570779234749858
2021-09-11 17:30:00,755.95,20.467,754.8996666666667,0.13453605542674368
2021-09-11 17:45:00,755.95,19.9,754.783,0.13570496765532886
2021-09-11 18:00:00,755.95,19.27,754.783,0.1357034242415666
2021-09-11 18:15:00,755.95,18.58,754.8413333333333,0.1351168142640943
2021-09-11 18:30:00,755.95,18.097,754.958,0.13394596927824856
2021-09-11 18:45:00,756.125,17.613,754.958,0.1356993648183841
2021-09-11 19:00:00,755.775,16.73,754.958,0.13218904344337615
2021-09-11 19:15:00,755.95,15.717,754.958,0.1339410129553529
2021-09-11 19:30:00,756.3,14.89,754.958,0.13744609694497603
2021-09-11 19:45:00,756.3,14.367,754.958,0.13744462352970194
2021-09-11 20:00:00,756.3,13.933,754.997,0.1370527207941089
2021-09-11 20:15:00,756.417,13.597,755.1333333333333,0.13685814489386272
2021-09-11 20:30:00,756.592,13.333,755.3473333333334,0.1364668025408402
2021-09-11 20:45:00,756.942,13.173,755.6003333333333,0.13743792113404119
2021-09-11 21:00:00,756.942,13.16,755.717,0.13626937282174043
2021-09-11 21:15:00,757.058,12.973,755.717,0.13743068087848087
2021-09-11 21:30:00,757.058,12.833,755.814,0.1364588193350768
2021-09-11 21:45:00,757.058,12.683,755.9693333333333,0.13490279329331278
2021-09-11 22:00:00,756.942,12.423,755.892,0.13451498074572352
2021-09-11 22:15:00,757.058,12.207,755.8336666666667,0.13626024619047536
2021-09-11 22:30:00,756.942,12.093,755.717,0.1362666289015771
2021-09-11 22:45:00,757.058,12.343,755.717,0.1374289073413299
2021-09-11 23:00:00,757.058,12.383,755.717,0.1374290199468633
2021-09-11 23:15:00,757.058,12.187,755.717,0.13742846817974966
2021-09-11 23:30:00,756.942,12.06,755.6586666666667,0.13685066518273525
2021-09-11 23:45:00,756.767,11.947,755.6003333333333,0.13568214613793805
2021-09-12 00:00:00,756.767,11.787,755.6586666666667,0.1350976665582099
2021-09-12 00:15:00,756.942,11.637,755.503,0.13840815635303783
2021-09-12 00:30:00,756.767,11.543,755.4639999999999,0.13704618327036075
2021-09-12 00:45:00,756.592,11.523,755.503,0.13490347966627655
2021-09-12 01:00:00,756.592,11.417,755.425,0.13568418546652702
2021-09-12 01:15:00,756.767,11.033,755.3666666666667,0.13801922623961604
2021-09-12 01:30:00,756.592,10.673,755.3083333333333,0.13685026535875225
2021-09-12 01:45:00,756.592,10.37,755.3666666666667,0.13626553465021093
2021-09-12 02:00:00,756.592,10.11,755.25,0.13743263054916324
2021-09-12 02:15:00,756.592,10.023,755.25,0.1374323854494905
2021-09-12 02:30:00,756.592,9.977,755.25,0.13743225585656008
2021-09-12 02:45:00,756.592,9.903,755.25,0.13743204738097636
2021-09-12 03:00:00,756.592,9.75,755.1916666666667,0.13801545460992337
2021-09-12 03:15:00,756.592,9.613,755.1333333333333,0.13859887336113427
2021-09-12 03:30:00,756.592,9.467,755.25,0.13743081906537505
2021-09-12 03:45:00,756.592,9.357,755.1916666666667,0.13801429930947967
2021-09-12 04:00:00,756.592,9.277,755.1333333333333,0.13859784447740603
2021-09-12 04:15:00,756.592,9.097,755.25,0.13742977668745648
2021-09-12 04:30:00,756.417,8.92,755.1916666666667,0.13626180478435151
2021-09-12 04:45:00,756.767,8.873,755.075,0.1409315308491667
2021-09-12 05:00:00,756.417,8.8,755.1333333333333,0.1368452180368408
2021-09-12 05:15:00,756.417,8.71,755.25,0.1356775536870741
2021-09-12 05:30:00,756.592,8.563,755.1916666666667,0.13801196519102607
2021-09-12 05:45:00,756.592,8.45,755.075,0.13917899114677132
2021-09-12 06:00:00,756.592,8.333,755.0360000000001,0.1395688401182403
2021-09-12 06:15:00,756.767,8.26,755.0943333333333,0.14073591327216245
2021-09-12 06:30:00,756.767,8.173,755.328,0.13839769206609134
2021-09-12 06:45:00,756.592,8.097,755.25,0.13742695944983874
2021-09-12 07:00:00,756.767,8.133,755.289,0.13878777642804832
2021-09-12 07:15:00,756.942,8.173,755.367,0.1397584190438455
2021-09-12 07:30:00,757.058,8.26,755.4253333333334,0.1403356921496704
2021-09-12 07:45:00,757.058,8.313,755.6003333333333,0.13858488692167145
2021-09-12 08:00:00,757.233,8.597,755.7556666666667,0.1387825452757684
2021-09-12 08:15:00,757.233,8.94,755.833,0.13800973780448011
2021-09-12 08:30:00,757.408,9.283,755.8526666666667,0.13956527149443396
2021-09-12 08:45:00,757.233,9.937,755.892,0.13742213411849474
2021-09-12 09:00:00,757.058,10.337,755.892,0.1356715297260879
2021-09-12 09:15:00,757.233,10.437,755.989,0.13645256216215795
2021-09-12 09:30:00,757.583,10.8,756.183,0.1380152043370856
2021-09-12 09:45:00,757.408,11.537,756.183,0.1362651990800112
2021-09-12 10:00:00,757.583,13.397,756.183,0.13802283690976114
2021-09-12 10:15:00,757.583,16.52,756.2413333333333,0.1374473480862478
2021-09-12 10:30:00,757.583,17.267,756.4163333333333,0.13569517568697986
2021-09-12 10:45:00,757.583,17.177,756.533,0.13452545973605023
2021-09-12 11:00:00,757.583,17.26,756.4746666666666,0.13511040061569457
2021-09-12 11:15:00,757.583,18.727,756.2996666666667,0.13686862661202392
2021-09-12 11:30:00,757.583,20.663,756.2413333333333,0.13745901700258845
2021-09-12 11:45:00,757.408,21.86,756.261,0.1355090878208457
2021-09-12 12:00:00,757.292,21.57,756.0473333333333,0.13648832505924327
2021-09-12 12:15:00,756.942,20.997,756.0276666666667,0.13317283578709363
2021-09-12 12:30:00,757.117,20.6,755.9503333333333,0.13570333874843632
2021-09-12 12:45:00,756.942,20.683,755.717,0.136288719130446
2021-09-12 13:00:00,757.117,21.577,755.6196666666666,0.13902347036057192
2021-09-12 13:15:00,756.942,22.257,755.4833333333333,0.1386375912357174
2021-09-12 13:30:00,756.767,22.07,755.6,0.1357102838582862
2021-09-12 13:45:00,756.592,21.2,755.4833333333333,0.13512291206505395
2021-09-12 14:00:00,756.475,21.43,755.1526666666666,0.13726720255851374
2021-09-12 14:15:00,756.3,22.62,755.0553333333334,0.1364910686120306
2021-09-12 14:30:00,756.125,23.367,755.0943333333333,0.1343450506811383
2021-09-12 14:45:00,755.833,23.037,754.7246666666666,0.1351238419915528
2021-09-12 15:00:00,755.833,22.223,754.608,0.13629267942758744
2021-09-12 15:15:00,755.658,21.86,754.511,0.1355090878208457
2021-09-12 15:30:00,755.483,21.437,754.3753333333333,0.13511343046971266
2021-09-12 15:45:00,755.483,21.193,754.3946666666667,0.13491889798543538
2021-09-12 16:00:00,755.133,21.053,754.2,0.1333602144474851
2021-09-12 16:15:00,755.017,20.713,754.2,0.13219587474287056
2021-09-12 16:30:00,755.133,20.797,754.0833333333334,0.13453009516133094
2021-09-12 16:45:00,754.842,20.907,753.9666666666667,0.13278141200708699
2021-09-12 17:00:00,755.017,20.957,754.1416666666667,0.13278150388570228
2021-09-12 17:15:00,755.017,21.647,754.064,0.13356205049749717
2021-09-12 17:30:00,755.017,20.47,754.142,0.13277726526790137
2021-09-12 17:45:00,754.842,19.673,754.2003333333333,0.1304355876057049
2021-09-12 18:00:00,754.842,18.977,754.2196666666666,0.1302407748951543
2021-09-12 18:15:00,755.017,18.44,754.025,0.13394668357184236
2021-09-12 18:30:00,754.842,17.633,754.025,0.13219059219141768
2021-09-12 18:45:00,754.842,16.93,753.9666666666667,0.13277410398214434
2021-09-12 19:00:00,754.958,16.233,753.9083333333333,0.1345200381716497
2021-09-12 19:15:00,754.842,15.333,753.9666666666667,0.13277116937921918
2021-09-12 19:30:00,754.958,14.777,753.9083333333333,0.13451682980684293
2021-09-12 19:45:00,755.133,14.45,754.025,0.13510052306658038
2021-09-12 20:00:00,754.842,14.053,754.064,0.1317937622037982
2021-09-12 20:15:00,755.133,13.777,754.142,0.13392695581763947
2021-09-12 20:30:00,755.308,13.637,754.2003333333333,0.13509529308553403
2021-09-12 20:45:00,755.308,13.67,754.3753333333333,0.13334241491366147
2021-09-12 21:00:00,755.658,13.583,754.492,0.1356794751674874
2021-09-12 21:15:00,755.658,13.14,754.492,0.13567839080810992
2021-09-12 21:30:00,755.6,12.61,754.5306666666667,0.13470900969881103
2021-09-12 21:45:00,755.658,12.1,754.5693333333332,0.13490146089386698
2021-09-12 22:00:00,755.6,11.773,754.492,0.13509429635005746
2021-09-12 22:15:00,755.658,11.563,754.492,0.13567453068454716
2021-09-12 22:30:00,755.483,11.377,754.492,0.133921962883249
2021-09-12 22:45:00,755.6,11.21,754.492,0.13509298680900314
2021-09-12 23:00:00,755.483,11.053,754.492,0.1339212888371065
2021-09-12 23:15:00,755.6,10.853,754.4336666666667,0.13567612976272783
2021-09-12 23:30:00,755.6,10.68,754.3753333333333,0.13625965833092474
2021-09-12 23:45:00,755.483,10.49,754.492,0.1339201175779144
2021-09-13 00:00:00,755.483,10.377,754.492,0.13391988249392026
2021-09-13 00:15:00,755.483,10.337,754.3753333333333,0.13508761957684096
2021-09-13 00:30:00,755.6,10.197,754.2586666666667,0.13742620258592134
2021-09-13 00:45:00,755.483,9.983,754.4336666666667,0.1345029296195803
2021-09-13 01:00:00,755.483,9.75,754.3753333333333,0.13508625462241614
2021-09-13 01:15:00,755.483,9.653,754.492,0.13391837629204623
2021-09-13 01:30:00,755.483,9.54,754.4336666666667,0.13450195375813936
2021-09-13 01:45:00,755.483,9.407,754.317,0.1356692533057243
2021-09-13 02:00:00,755.483,9.163,754.317,0.13566865605134934
2021-09-13 02:15:00,755.483,8.947,754.2586666666667,0.13625186726675553
2021-09-13 02:30:00,755.483,8.827,754.142,0.13741900931494302
2021-09-13 02:45:00,755.308,9.46,754.1030000000001,0.13605969687807473
2021-09-13 03:00:00,755.308,9.35,754.025,0.13684002828801875
2021-09-13 03:15:00,755.133,9.07,754.025,0.13508800915739347
2021-09-13 03:30:00,755.133,8.847,754.025,0.1350874904581837
2021-09-13 03:45:00,755.133,8.583,753.9083333333333,0.13625426710799307
2021-09-13 04:00:00,755.133,8.34,753.675,0.13858830477514952
2021-09-13 04:15:00,754.958,8.193,753.7333333333333,0.13625326444850502
2021-09-13 04:30:00,754.958,8.07,753.7916666666666,0.13566931568854917
2021-09-13 04:45:00,754.958,7.99,753.636,0.13722655878029663
2021-09-13 05:00:00,754.842,7.917,753.597,0.13645598597026773
2021-09-13 05:15:00,754.667,7.917,753.675,0.13392476954418225
2021-09-13 05:30:00,754.842,7.903,753.636,0.13606576301365536
2021-09-13 05:45:00,754.842,7.83,753.558,0.13684593897589814
2021-09-13 06:00:00,754.842,7.773,753.597,0.13645560961083397
2021-09-13 06:15:00,754.842,7.693,753.675,0.13567506217628797
2021-09-13 06:30:00,755.133,7.647,753.675,0.1385861836723287
2021-09-13 06:45:00,754.958,7.6,753.675,0.13683531487314451
2021-09-13 07:00:00,754.958,7.58,753.7916666666666,0.13566811594138872
2021-09-13 07:15:00,755.308,7.527,754.025,0.13683511825640976
2021-09-13 07:30:00,755.483,7.587,754.064,0.13819583953251016
2021-09-13 07:45:00,755.308,7.76,754.142,0.1356652218386948
2021-09-13 08:00:00,755.483,8.167,754.142,0.13741715132364202
2021-09-13 08:15:00,755.308,8.53,754.142,0.1356671066168453
2021-09-13 08:30:00,755.308,8.967,754.142,0.1356681762896398
2021-09-13 08:45:00,755.308,9.723,754.1030000000001,0.13606036217230694
2021-09-13 09:00:00,755.308,10.043,754.1223333333334,0.13586765908150128
2021-09-13 09:15:00,755.483,10.203,754.2586666666667,0.1362550954655869
2021-09-13 09:30:00,755.308,10.68,754.2003333333333,0.13508841715668524
2021-09-13 09:45:00,755.483,11.437,754.317,0.13567422226630288
2021-09-13 10:00:00,755.483,12.947,754.317,0.1356779183896889
2021-09-13 10:15:00,755.483,15.73,754.317,0.13568473051643282
2021-09-13 10:30:00,755.483,16.757,754.317,0.13568724436988808
2021-09-13 10:45:00,755.308,17.123,754.2196666666666,0.1349095991769557
2021-09-13 11:00:00,755.308,17.607,753.9666666666667,0.1374470679462099
2021-09-13 11:15:00,755.133,19.29,753.9083333333333,0.1362817939672822
2021-09-13 11:30:00,755.017,20.977,753.9666666666667,0.13453717994959966
2021-09-13 11:45:00,755.017,21.717,753.7916666666666,0.13629472277980342
2021-09-13 12:00:00,754.842,21.367,753.675,0.13570856160451808
2021-09-13 12:15:00,754.492,21.157,753.636,0.13258790775156318
2021-09-13 12:30:00,754.667,20.247,753.558,0.13512403761219516
2021-09-13 12:45:00,754.375,19.74,753.4996666666667,0.1327792675602406
2021-09-13 13:00:00,754.375,19.987,753.3443333333333,0.13433773750735453
2021-09-13 13:15:00,754.492,20.467,753.267,0.13628816366019586
2021-09-13 13:30:00,754.2,20.637,753.1503333333334,0.13452974259377123
2021-09-13 13:45:00,753.85,20.49,752.917,0.13335911173827752
2021-09-13 14:00:00,753.675,20.69,752.878,0.1319952028522774
2021-09-13 14:15:00,753.85,21.4,752.7416666666667,0.13512003317516474
2021-09-13 14:30:00,753.558,22.083,752.5083333333333,0.13453292892310542
2021-09-13 14:45:00,753.383,22.153,752.275,0.13511844028636974
2021-09-13 15:00:00,753.208,21.54,752.275,0.13336116830074563
2021-09-13 15:15:00,753.033,20.817,752.236,0.13199541533959216
2021-09-13 15:30:00,752.917,20.323,752.0413333333333,0.1327836824821152
2021-09-13 15:45:00,752.917,20.03,751.8276666666667,0.13492627109324637
2021-09-13 16:00:00,752.917,20.107,751.867,0.13453191817981397
2021-09-13 16:15:00,752.742,19.84,751.8086666666667,0.1333611819074297
2021-09-13 16:30:00,752.742,20.01,751.6336666666667,0.1351167990549532
2021-09-13 16:45:00,752.567,19.967,751.517,0.13453160958522992
2021-09-13 17:00:00,752.742,20.017,751.517,0.13628700643050976
2021-09-13 17:15:00,752.742,20.383,751.517,0.13628794764398658
2021-09-13 17:30:00,752.392,19.487,751.5753333333333,0.13219042898073757
2021-09-13 17:45:00,752.742,18.853,751.6336666666667,0.13511410705705293
2021-09-13 18:00:00,752.567,18.077,751.517,0.13452744355836524
2021-09-13 18:15:00,752.567,17.05,751.517,0.1345251797966774
2021-09-13 18:30:00,752.567,16.493,751.517,0.1345239520310882
2021-09-13 18:45:00,752.567,15.743,751.517,0.13452229884582442
2021-09-13 19:00:00,752.392,15.2,751.4586666666667,0.13335209061306216
2021-09-13 19:15:00,752.392,14.783,751.342,0.1345201827686883
2021-09-13 19:30:00,752.392,14.207,751.303,0.13490961560980946
2021-09-13 19:45:00,752.392,13.717,751.264,0.13529915778158128
2021-09-13 20:00:00,752.567,13.28,751.4003333333334,0.1356854108726871
2021-09-13 20:15:00,752.567,12.92,751.517,0.13451607625649162
2021-09-13 20:30:00,752.742,12.643,751.5753333333333,0.13568385075563077
2021-09-13 20:45:00,752.567,12.423,751.692,0.13276248395477083
2021-09-13 21:00:00,752.858,12.277,751.789,0.13470492418240992
2021-09-13 21:15:00,753.208,12.16,751.983,0.13626680120021903
2021-09-13 21:30:00,753.208,12.047,751.983,0.1362665106069871
2021-09-13 21:45:00,753.033,12.053,751.983,0.1345141651743282
2021-09-13 22:00:00,753.383,12.047,751.983,0.13801886926512813
2021-09-13 22:15:00,753.383,11.953,751.983,0.1380185929995018
2021-09-13 22:30:00,753.033,11.787,752.0413333333333,0.13392949113102975
2021-09-13 22:45:00,753.383,11.543,752.158,0.13626521450973883
2021-09-13 23:00:00,753.383,11.37,752.197,0.13587429940276846
2021-09-13 23:15:00,753.383,11.13,752.236,0.13548325129573008
2021-09-13 23:30:00,753.208,10.98,752.158,0.13451180001727603
2021-09-13 23:45:00,753.208,10.76,752.158,0.134511315082932
2021-09-14 00:00:00,753.5,10.64,752.158,0.13743412368510063
2021-09-14 00:15:00,753.208,10.573,752.0996666666666,0.13509484193811555
2021-09-14 00:30:00,753.033,10.49,751.983,0.13451071993623853
2021-09-14 00:45:00,753.383,10.417,751.9246666666667,0.1385979986475071
2021-09-14 01:00:00,752.858,10.317,751.808,0.13451033860150285
2021-09-14 01:15:00,753.033,10.257,751.808,0.1362619074044623
2021-09-14 01:30:00,752.858,10.183,751.808,0.1345100432324024
2021-09-14 01:45:00,753.033,10.09,751.808,0.13626147794366822
2021-09-14 02:00:00,753.033,9.963,751.808,0.136261151347735
2021-09-14 02:15:00,752.858,9.81,751.7693333333333,0.13489622728369405
2021-09-14 02:30:00,752.858,9.593,751.692,0.13566970858979852
2021-09-14 02:45:00,752.858,9.277,751.692,0.13566893509642766
2021-09-14 03:00:00,752.858,8.993,751.692,0.13566823993149943
2021-09-14 03:15:00,753.033,8.94,751.692,0.13741932742557636
2021-09-14 03:30:00,752.858,8.873,751.692,0.1356679461998396
2021-09-14 03:45:00,753.033,8.82,751.692,0.13741898960897617
2021-09-14 04:00:00,752.858,8.86,751.6336666666667,0.13625164365744158
2021-09-14 04:15:00,752.567,8.96,751.5753333333333,0.13392360591395042
2021-09-14 04:30:00,753.033,9.0,751.7306666666667,0.1370325558479866
2021-09-14 04:45:00,752.858,8.967,751.7693333333333,0.13489430067523298
2021-09-14 05:00:00,752.742,8.867,751.6336666666667,0.1350908725790652
2021-09-14 05:15:00,752.858,8.8,751.5753333333333,0.13683521137516627
2021-09-14 05:30:00,753.033,8.723,751.692,0.1374187165405577
2021-09-14 05:45:00,753.033,8.57,751.7306666666667,0.13703138024257921
2021-09-14 06:00:00,753.033,8.34,751.808,0.13625697760600577
2021-09-14 06:15:00,753.383,8.167,751.808,0.13975839920562086
2021-09-14 06:30:00,753.033,8.127,751.808,0.1362564298506217
2021-09-14 06:45:00,753.208,8.103,751.8663333333333,0.13742364128710732
2021-09-14 07:00:00,753.5,8.11,752.0803333333333,0.13820406763012025
2021-09-14 07:15:00,753.383,8.037,752.275,0.13508560639378936
2021-09-14 07:30:00,753.85,8.117,752.3333333333334,0.1391745955949813
2021-09-14 07:45:00,753.675,8.22,752.45,0.1362566690114232
2021-09-14 08:00:00,753.675,8.367,752.45,0.13625704703978683
2021-09-14 08:15:00,754.025,8.63,752.5083333333333,0.13917622894202042
2021-09-14 08:30:00,754.025,9.117,752.625,0.13801025800677497
2021-09-14 08:45:00,754.025,9.99,752.5666666666667,0.13859669140656705
2021-09-14 09:00:00,753.675,10.41,752.5083333333333,0.1356783817738619
2021-09-14 09:15:00,753.85,10.813,752.664,0.13587291261230292
2021-09-14 09:30:00,753.85,11.13,752.8003333333334,0.13450879346999522
2021-09-14 09:45:00,753.85,11.78,752.917,0.13334205206294672
2021-09-14 10:00:00,754.025,13.26,752.917,0.13509775512012306
2021-09-14 10:15:00,753.85,15.977,752.878,0.13374111983782702
2021-09-14 10:30:00,753.85,17.183,752.8,0.13452547296153233
2021-09-14 10:45:00,753.85,17.653,752.7416666666667,0.13511131501083268
2021-09-14 11:00:00,754.025,17.797,752.6833333333333,0.13745094480508943
2021-09-14 11:15:00,753.675,19.083,752.7806666666667,0.13296859699867036
2021-09-14 11:30:00,753.85,20.023,752.703,0.13550466454995683
2021-09-14 11:45:00,753.675,20.183,752.5666666666667,0.13511720157495186
2021-09-14 12:00:00,753.675,20.573,752.5083333333333,0.13570327262102577
2021-09-14 12:15:00,753.558,20.133,752.5666666666667,0.13394352225649592
2021-09-14 12:30:00,753.383,19.887,752.45,0.13335793068383153
2021-09-14 12:45:00,753.208,19.827,752.3526666666667,0.1325788312196839
2021-09-14 13:00:00,753.208,20.543,752.2553333333334,0.13355649804560696
2021-09-14 13:15:00,753.208,20.49,752.2943333333334,0.13316517516063409
2021-09-14 13:30:00,752.917,20.49,751.9443333333332,0.13375701609585422
2021-09-14 13:45:00,752.917,20.413,751.867,0.1345325926794016
2021-09-14 14:00:00,752.917,21.393,751.8086666666667,0.13512001688822844
2021-09-14 14:15:00,752.917,22.153,751.6336666666667,0.13687785652903728
2021-09-14 14:30:00,752.392,22.64,751.517,0.13278125128125806
2021-09-14 14:45:00,752.567,22.613,751.4586666666667,0.1351228554685554
2021-09-14 15:00:00,752.392,21.087,751.4003333333334,0.13394885176734092
2021-09-14 15:15:00,752.217,19.827,751.3613333333334,0.1325821744898385
2021-09-14 15:30:00,752.217,19.05,751.05,0.13570288527168137
2021-09-14 15:45:00,751.925,18.647,750.9916666666667,0.1333588444259249
2021-09-14 16:00:00,751.75,18.52,750.8943333333333,0.1325798267435402
2021-09-14 16:15:00,751.75,18.74,750.972,0.13180141720940905
2021-09-14 16:30:00,752.1,19.057,751.05,0.13452960372044473
2021-09-14 16:45:00,752.1,18.62,751.05,0.1345286404644977
2021-09-14 17:00:00,751.925,17.877,750.9526666666667,0.1337483386990606
2021-09-14 17:15:00,751.75,17.64,750.758,0.13394501758095156
2021-09-14 17:30:00,751.75,17.533,750.8553333333333,0.13296902860266596
2021-09-14 17:45:00,752.1,17.387,750.9916666666667,0.1351106961072517
2021-09-14 18:00:00,751.925,17.21,750.875,0.13452553247620033
2021-09-14 18:15:00,751.925,16.387,750.875,0.13452371838090424
2021-09-14 18:30:00,751.75,15.42,750.875,0.13276798906169768
2021-09-14 18:45:00,751.925,14.683,750.875,0.13451996234398497
2021-09-14 19:00:00,752.1,14.153,750.875,0.1362719264419097
2021-09-14 19:15:00,752.1,13.657,750.9333333333333,0.1356863342072729
2021-09-14 19:30:00,752.217,13.147,751.1083333333333,0.13510416947301582
2021-09-14 19:45:00,752.392,12.717,751.225,0.1356873702885746
2021-09-14 20:00:00,752.392,12.337,751.264,0.13529588995388733
2021-09-14 20:15:00,752.392,12.0,751.4003333333334,0.13392993455205496
2021-09-14 20:30:00,752.742,11.673,751.5753333333333,0.13568147506717765
2021-09-14 20:45:00,752.742,11.417,751.692,0.13451276327322303
2021-09-14 21:00:00,752.858,11.143,751.7306666666667,0.1352863881856709
2021-09-14 21:15:00,752.858,10.92,751.8663333333333,0.13392768622009774
2021-09-14 21:30:00,752.858,10.687,751.9246666666667,0.13334324815368842
2021-09-14 21:45:00,752.858,10.49,751.808,0.13451071993623703
2021-09-14 22:00:00,753.033,10.357,751.8663333333333,0.13567825196820565
2021-09-14 22:15:00,753.033,10.23,751.9246666666667,0.13509404387823526
2021-09-14 22:30:00,753.033,10.083,751.808,0.1362614599423176
2021-09-14 22:45:00,753.033,9.957,751.808,0.13626113591800587
2021-09-14 23:00:00,753.033,9.75,751.7693333333333,0.13664760495744416
2021-09-14 23:15:00,753.033,9.573,751.7306666666667,0.1370341224105411
2021-09-14 23:30:00,752.858,9.447,751.808,0.1345084209065969
2021-09-14 23:45:00,753.033,9.303,751.808,0.13625945407753087
2021-09-15 00:00:00,753.033,9.303,751.808,0.13625945407753087
2021-09-15 00:15:00,753.208,9.31,751.808,0.13801082523300767
2021-09-15 00:30:00,753.208,9.257,751.8663333333333,0.13742689157179402
2021-09-15 00:45:00,753.208,9.17,751.9246666666667,0.13684287929243377
2021-09-15 01:00:00,753.033,9.097,751.808,0.13625892432349748
2021-09-15 01:15:00,753.033,9.007,751.808,0.13625869287756054
2021-09-15 01:30:00,753.033,8.933,751.8663333333333,0.13567476435958994
2021-09-15 01:45:00,753.033,8.86,751.9246666666667,0.13509085629213038
2021-09-15 02:00:00,753.033,8.827,751.808,0.13625822998568668
2021-09-15 02:15:00,752.858,8.813,751.808,0.13450702341398726
2021-09-15 02:30:00,752.858,8.78,751.711,0.1354775927837042
2021-09-15 02:45:00,752.742,8.76,751.517,0.13625805768704327
2021-09-15 03:00:00,752.567,8.623,751.517,0.13450660460705377
2021-09-15 03:15:00,752.858,8.353,751.614,0.13644711977970114
2021-09-15 03:30:00,752.858,8.193,751.7693333333333,0.13489253176070293
2021-09-15 03:45:00,753.033,8.037,751.789,0.1364462945432075
2021-09-15 04:00:00,753.208,7.85,751.9246666666667,0.13683932310724417
2021-09-15 04:15:00,753.208,7.713,751.8663333333333,0.13742254283734318
2021-09-15 04:30:00,753.383,7.587,751.9246666666667,0.13858933473214333
2021-09-15 04:45:00,753.383,7.443,751.9246666666667,0.13858889388273965
2021-09-15 05:00:00,753.383,7.263,752.0996666666666,0.13683774168246815
2021-09-15 05:15:00,753.383,7.14,752.0413333333333,0.13742092896114974
2021-09-15 05:30:00,753.383,7.013,752.158,0.13625356506424685
2021-09-15 05:45:00,753.5,6.913,752.158,0.13742362384049933
2021-09-15 06:00:00,753.5,6.757,752.158,0.13742318435143097
2021-09-15 06:15:00,753.5,6.603,752.158,0.13742275049683783
2021-09-15 06:30:00,753.675,6.52,752.158,0.1391728448453767
2021-09-15 06:45:00,753.675,6.44,752.158,0.13917259007640703
2021-09-15 07:00:00,753.675,6.36,752.197,0.13878227526987108
2021-09-15 07:15:00,753.675,6.34,752.3333333333334,0.13741867573086433
2021-09-15 07:30:00,753.85,6.5,752.5083333333333,0.13741912637692288
2021-09-15 07:45:00,754.025,6.763,752.625,0.13800333961013336
2021-09-15 08:00:00,754.025,7.16,752.664,0.1376143808563616
2021-09-15 08:15:00,754.142,7.527,752.703,0.1383957405853253
2021-09-15 08:30:00,754.142,8.11,752.5666666666667,0.13976154581355774
2021-09-15 08:45:00,753.85,8.827,752.5083333333333,0.13742568046051562
2021-09-15 09:00:00,753.85,9.25,752.625,0.13625931778159173
2021-09-15 09:15:00,753.85,9.533,752.625,0.1362600455504823
2021-09-15 09:30:00,753.85,10.01,752.664,0.13587091334346302
2021-09-15 09:45:00,754.025,10.72,752.742,0.13684371821852032
2021-09-15 10:00:00,754.025,12.033,752.7613333333333,0.13665366128567258
2021-09-15 10:15:00,754.025,13.96,752.8,0.13627143011895607
2021-09-15 10:30:00,754.2,14.857,752.7416666666667,0.13861159150412172
2021-09-15 10:45:00,753.85,15.133,752.5666666666667,0.13685894408962132
2021-09-15 11:00:00,754.025,15.623,752.45,0.13978305150427406
2021-09-15 11:15:00,753.675,17.44,752.45,0.13628037936185056
2021-09-15 11:30:00,753.85,19.397,752.5083333333333,0.13745545126566178
2021-09-15 11:45:00,753.558,20.3,752.5666666666667,0.13394386979837392
2021-09-15 12:00:00,753.558,20.28,752.3526666666667,0.13609041112527157
2021-09-15 12:15:00,753.208,19.487,752.158,0.1345305515466611
2021-09-15 12:30:00,753.383,18.707,752.061,0.13725630115555307
2021-09-15 12:45:00,753.033,18.387,751.9056666666667,0.13530353177493773
2021-09-15 13:00:00,752.742,18.84,751.9443333333332,0.13199879272362697
2021-09-15 13:15:00,752.742,19.41,751.8086666666667,0.133360339395236
2021-09-15 13:30:00,752.567,19.56,751.6336666666667,0.13336063329483847
2021-09-15 13:45:00,752.392,19.27,751.4196666666667,0.1337511820944442
2021-09-15 14:00:00,752.217,19.98,751.1666666666666,0.13453498161766217
2021-09-15 14:15:00,752.217,20.913,751.05,0.135707449366664
2021-09-15 14:30:00,751.925,21.47,750.8943333333333,0.13434094621644369
2021-09-15 14:45:00,751.575,21.187,750.5246666666667,0.1345376429884248
2021-09-15 15:00:00,751.575,20.553,750.408,0.13570656741594272
2021-09-15 15:15:00,751.458,20.017,750.3693333333333,0.13491955455838198
2021-09-15 15:30:00,751.283,19.713,750.292,0.13393930500869491
2021-09-15 15:45:00,751.108,19.43,750.2336666666666,0.13276866893578348
2021-09-15 16:00:00,751.283,19.5,750.117,0.1356939585860802
2021-09-15 16:15:00,751.108,19.337,750.0196666666667,0.13491465754599188
2021-09-15 16:30:00,750.933,19.177,749.9223333333333,0.13413541602337212
2021-09-15 16:45:00,751.108,18.957,750.078,0.13432882361391865
2021-09-15 17:00:00,751.108,18.76,750.0,0.13511054814996246
2021-09-15 17:15:00,751.108,18.223,750.0,0.1351092990850492
2021-09-15 17:30:00,751.283,17.03,750.039,0.13646977983371644
2021-09-15 17:45:00,751.108,16.83,750.117,0.13393330724626012
2021-09-15 18:00:00,751.108,16.467,750.117,0.1339325520649338
2021-09-15 18:15:00,751.283,15.763,750.117,0.13568481129264073
2021-09-15 18:30:00,751.283,15.047,750.117,0.13568305869373717
2021-09-15 18:45:00,751.283,14.87,750.1753333333334,0.13509816018741788
2021-09-15 19:00:00,751.283,14.353,750.292,0.13392815412189282
2021-09-15 19:15:00,751.4,13.94,750.292,0.13509933680381211
2021-09-15 19:30:00,751.4,13.403,750.3306666666667,0.13471078985150062
2021-09-15 19:45:00,751.575,12.913,750.4663333333333,0.1351036248602597
2021-09-15 20:00:00,751.75,12.53,750.583,0.13568691216417217
2021-09-15 20:15:00,751.925,12.153,750.6413333333334,0.13685425363233683
2021-09-15 20:30:00,752.1,11.767,750.797,0.13704679599225042
2021-09-15 20:45:00,752.217,11.417,750.9333333333333,0.1368522702746631
2021-09-15 21:00:00,752.217,11.067,751.05,0.1356833280144369
2021-09-15 21:15:00,752.217,10.767,751.1083333333333,0.13509863024924196
2021-09-15 21:30:00,752.217,10.56,751.225,0.1339302735615813
2021-09-15 21:45:00,752.392,10.423,751.225,0.13568175030258955
2021-09-15 22:00:00,752.392,10.29,751.225,0.1356814244707953
2021-09-15 22:15:00,752.392,10.09,751.225,0.13568093449817237
2021-09-15 22:30:00,752.392,9.93,751.1666666666666,0.13626440282884816
2021-09-15 22:45:00,752.392,9.823,751.05,0.13743182200196843
2021-09-15 23:00:00,752.217,9.697,751.05,0.13567997170196977
2021-09-15 23:15:00,752.217,9.52,750.9526666666667,0.13665366693031017
2021-09-15 23:30:00,751.925,9.357,750.6996666666666,0.1362629288887519
2021-09-15 23:45:00,751.925,9.243,750.583,0.13743018800414866
2021-09-16 00:00:00,751.925,9.17,750.6413333333334,0.13684621510523734
2021-09-16 00:15:00,751.925,9.033,750.6996666666666,0.1362620954566564
2021-09-16 00:30:00,751.575,8.8,750.6413333333334,0.13334288645058312
2021-09-16 00:45:00,752.042,8.603,750.758,0.13684802258132825
2021-09-16 01:00:00,751.925,8.503,750.6996666666666,0.13626073212637677
2021-09-16 01:15:00,751.75,8.47,750.583,0.13567696571992657
2021-09-16 01:30:00,752.042,8.413,750.583,0.13859853405947506
2021-09-16 01:45:00,751.925,8.327,750.5246666666667,0.1380112714228207
2021-09-16 02:00:00,751.925,8.167,750.4663333333333,0.1385944454865181
2021-09-16 02:15:00,751.75,7.977,750.5246666666667,0.13625937908538224
2021-09-16 02:30:00,751.75,7.733,750.4663333333333,0.1368423427071676
2021-09-16 02:45:00,751.925,7.62,750.486,0.13839602152605457
2021-09-16 03:00:00,751.575,7.513,750.3306666666667,0.13644826076636962
2021-09-16 03:15:00,751.75,7.39,750.408,0.137424967662843
2021-09-16 03:30:00,751.75,7.29,750.3693333333333,0.13781148762038592
2021-09-16 03:45:00,751.575,7.223,750.292,0.13683429946891162
2021-09-16 04:00:00,751.575,7.167,750.2336666666666,0.13741767059649102
2021-09-16 04:15:00,751.575,7.133,750.1753333333334,0.13800109265127342
2021-09-16 04:30:00,751.575,7.12,750.2336666666666,0.1374175382521005
2021-09-16 04:45:00,751.575,7.14,750.117,0.13858463186983208
2021-09-16 05:00:00,751.4,7.093,750.117,0.13683394932951948
2021-09-16 05:15:00,751.575,6.92,750.117,0.13858395850385724
2021-09-16 05:30:00,751.4,6.817,750.117,0.13683320595665932
2021-09-16 05:45:00,751.4,6.783,750.1753333333334,0.1362496394488228
2021-09-16 06:00:00,751.575,6.743,750.292,0.1368330066465461
2021-09-16 06:15:00,751.575,6.717,750.3306666666667,0.13644618144907467
2021-09-16 06:30:00,751.575,6.757,750.3693333333333,0.13605952752089678
2021-09-16 06:45:00,751.75,6.583,750.292,0.13858292702961245
2021-09-16 07:00:00,751.75,6.387,750.292,0.13858232712174393
2021-09-16 07:15:00,751.925,6.327,750.389,0.1393622581480595
2021-09-16 07:30:00,751.925,6.447,750.583,0.13742231100776947
2021-09-16 07:45:00,752.042,6.743,750.583,0.13859341909377257
2021-09-16 08:00:00,751.925,7.23,750.6413333333334,0.13684098723310423
2021-09-16 08:15:00,751.925,7.733,750.758,0.13567516017081108
2021-09-16 08:30:00,752.042,8.26,750.758,0.13684709803195888
2021-09-16 08:45:00,752.042,8.873,750.758,0.13684875036071523
2021-09-16 09:00:00,751.925,9.137,750.758,0.13567859977862406
2021-09-16 09:15:00,752.217,9.38,750.797,0.1382111885479118
2021-09-16 09:30:00,752.217,9.957,750.9333333333333,0.136848335896666
2021-09-16 09:45:00,752.392,10.543,751.1083333333333,0.13684991503742225
2021-09-16 10:00:00,752.392,11.84,751.2833333333333,0.13510112755475157
2021-09-16 10:15:00,752.392,13.83,751.4,0.13393708329934279
2021-09-16 10:30:00,752.217,14.837,751.4,0.13218579673237013
2021-09-16 10:45:00,752.392,15.467,751.2833333333333,0.13510956905249433
2021-09-16 11:00:00,752.217,16.5,751.05,0.13569663812073893
2021-09-16 11:15:00,752.1,18.54,750.9916666666667,0.13511337879833119
2021-09-16 11:30:00,752.217,20.31,750.875,0.13746136637286416
2021-09-16 11:45:00,752.1,21.173,750.836,0.1366812520329694
2021-09-16 12:00:00,751.75,21.17,750.758,0.1339523687657506
2021-09-16 12:15:00,751.75,20.53,750.6610000000001,0.13492407074056403
2021-09-16 12:30:00,751.575,20.003,750.467,0.13511343937470582
2021-09-16 12:45:00,751.575,19.587,750.5056666666667,0.13472467189972595
2021-09-16 13:00:00,751.575,19.397,750.486,0.13492148056768136
2021-09-16 13:15:00,751.575,19.753,750.292,0.13686804751941115
2021-09-16 13:30:00,751.108,19.76,750.3503333333333,0.13159914649674923
2021-09-16 13:45:00,751.458,19.987,750.4086666666667,0.1345249669059361
2021-09-16 14:00:00,751.458,20.133,750.292,0.13569550802058572
2021-09-16 14:15:00,751.283,20.267,750.1946666666666,0.13491678233515342
2021-09-16 14:30:00,750.933,20.76,750.0,0.13335964056862645
2021-09-16 14:45:00,750.933,20.803,750.0,0.1333597247897561
2021-09-16 15:00:00,750.933,19.973,749.9416666666667,0.13394318928224008
2021-09-16 15:15:00,750.642,18.97,749.7666666666667,0.13277785262958938
2021-09-16 15:30:00,750.642,18.88,749.5916666666667,0.13453255617620344
2021-09-16 15:45:00,750.642,19.157,749.5333333333333,0.13511815717674872
2021-09-16 16:00:00,750.642,18.56,749.5916666666667,0.13453185059323408
2021-09-16 16:15:00,750.642,17.627,749.475,0.1356993991164677
2021-09-16 16:30:00,750.642,17.38,749.436,0.13608975626764
2021-09-16 16:45:00,750.642,17.533,749.4553333333333,0.1358963270586784
2021-09-16 17:00:00,750.642,17.62,749.65,0.13394497593118082
2021-09-16 17:15:00,750.758,17.753,749.65,0.13510820586249941
2021-09-16 17:30:00,750.642,17.197,749.5916666666667,0.13452884525077388
2021-09-16 17:45:00,750.758,17.327,749.5333333333333,0.13627674724786643
2021-09-16 18:00:00,750.758,17.043,749.7083333333334,0.13452182304492669
2021-09-16 18:15:00,750.933,15.87,749.825,0.1351038259942825
2021-09-16 18:30:00,750.933,15.34,749.8833333333333,0.13451807040394884
2021-09-16 18:45:00,750.933,14.537,750.0,0.13334745200839873
2021-09-16 19:00:00,751.108,14.027,750.039,0.1347088514158476
2021-09-16 19:15:00,751.283,13.597,750.117,0.13567950943618107
2021-09-16 19:30:00,751.283,13.207,750.1753333333334,0.13509429320409846
2021-09-16 19:45:00,751.283,12.57,750.3306666666667,0.13353721451682332
2021-09-16 20:00:00,751.4,12.007,750.4663333333333,0.13334917226821535
2021-09-16 20:15:00,751.75,11.577,750.6413333333334,0.13510051544724902
2021-09-16 20:30:00,751.75,11.223,750.758,0.1339316542515308
2021-09-16 20:45:00,751.925,10.92,750.8553333333333,0.13470855296816464
2021-09-16 21:00:00,752.1,10.66,751.1083333333333,0.13392714495499505
2021-09-16 21:15:00,752.392,10.88,751.264,0.13529243979088004
2021-09-16 21:30:00,752.392,11.88,751.342,0.13451378383959403
2021-09-16 21:45:00,752.742,12.503,751.342,0.1380202094473138
2021-09-16 22:00:00,752.567,12.457,751.342,0.1362675649718109
2021-09-16 22:15:00,752.392,12.02,751.342,0.13451409243417659
2021-09-16 22:30:00,752.392,11.303,751.303,0.13490297672008694
2021-09-16 22:45:00,752.392,10.7,751.264,0.13529201355248519
2021-09-16 23:00:00,752.217,10.123,751.342,0.13275825914798567
2021-09-16 23:15:00,752.567,9.843,751.4003333333334,0.13567699309824036
2021-09-16 23:30:00,752.858,10.263,751.517,0.13742305185359188
2021-09-16 23:45:00,752.858,10.607,751.517,0.1374240202611791
2021-09-17 00:00:00,752.858,10.7,751.5753333333333,0.13684032746748392
2021-09-17 00:15:00,752.858,10.833,751.7306666666667,0.13528565454228708
2021-09-17 00:30:00,752.742,11.073,751.808,0.13335067874422787
2021-09-17 00:45:00,753.033,11.183,751.808,0.1362642887259911
2021-09-17 01:00:00,753.033,11.23,751.808,0.13626440959220262
2021-09-17 01:15:00,753.033,10.673,751.7693333333333,0.1366500534861147
2021-09-17 01:30:00,753.208,10.037,751.7306666666667,0.13878701120618453
2021-09-17 01:45:00,753.208,9.467,751.8663333333333,0.13742748304474395
2021-09-17 02:00:00,753.383,9.053,751.983,0.13801006991103087
2021-09-17 02:15:00,753.208,8.73,751.983,0.1362579805384006
2021-09-17 02:30:00,753.5,8.503,752.0803333333333,0.1382052388809152
2021-09-17 02:45:00,753.5,8.097,752.275,0.13625635270197756
2021-09-17 03:00:00,753.675,7.613,752.275,0.13800583775675415
2021-09-17 03:15:00,753.5,7.297,752.275,0.13625429540476042
2021-09-17 03:30:00,753.5,7.133,752.236,0.1366439969834795
2021-09-17 03:45:00,753.5,7.073,752.158,0.1374240745985182
2021-09-17 04:00:00,753.5,7.1,752.158,0.13742415066393385
2021-09-17 04:15:00,753.383,7.12,752.158,0.13625384022774964
2021-09-17 04:30:00,753.5,7.1,752.0996666666666,0.13800766441609347
2021-09-17 04:45:00,753.675,6.913,752.0413333333333,0.14034107810290172
2021-09-17 05:00:00,753.675,6.603,752.3136666666667,0.13761612345481505
2021-09-17 05:15:00,754.142,6.467,752.625,0.13917267606093578
2021-09-17 05:30:00,754.317,6.387,752.7223333333334,0.13994921192282261
2021-09-17 05:45:00,754.317,6.38,752.917,0.138002213974656
2021-09-17 06:00:00,754.492,6.38,752.917,0.13975249072148818
2021-09-17 06:15:00,754.492,6.42,753.014,0.1387824614342764
2021-09-17 06:30:00,754.842,6.387,753.2663333333334,0.1397591815968195
2021-09-17 06:45:00,755.133,6.333,753.4413333333333,0.14091917497556042
2021-09-17 07:00:00,755.308,6.063,753.558,0.14150160289114566
2021-09-17 07:15:00,755.133,6.017,753.6553333333334,0.1387778774235634
2021-09-17 07:30:00,755.483,6.17,753.85,0.1403318625362174
2021-09-17 07:45:00,755.6,6.387,753.9473333333334,0.14052930449693835
2021-09-17 08:00:00,755.6,6.777,754.2003333333333,0.1380000466178036
2021-09-17 08:15:00,755.775,7.217,754.414,0.13761454371242918
2021-09-17 08:30:00,756.125,7.593,754.5693333333332,0.13956308821068664
2021-09-17 08:45:00,756.125,8.213,754.6473333333333,0.1387846895041231
2021-09-17 09:00:00,756.125,8.623,754.997,0.13528709523500668
2021-09-17 09:15:00,756.417,8.993,755.1333333333333,0.13684573812927467
2021-09-17 09:30:00,756.592,9.647,755.1916666666667,0.13801515182125745
2021-09-17 09:45:00,756.592,10.23,755.2306666666667,0.1376264887815683
2021-09-17 10:00:00,756.592,12.06,755.5613333333333,0.13432058616753828
2021-09-17 10:15:00,756.767,14.32,755.6,0.13569129741914746
2021-09-17 10:30:00,756.767,15.12,755.6,0.1356932573096392
2021-09-17 10:45:00,756.942,15.313,755.639,0.13705649559861707
2021-09-17 11:00:00,757.117,15.623,755.6196666666666,0.13900475499623266
2021-09-17 11:15:00,756.767,17.5,755.425,0.13745344993515982
2021-09-17 11:30:00,756.767,19.337,755.5223333333333,0.13648249043697752
2021-09-17 11:45:00,756.592,20.293,755.6196666666666,0.13375327024482175
2021-09-17 12:00:00,756.592,20.447,755.3666666666667,0.13629145593177333
2021-09-17 12:15:00,756.475,19.887,755.25,0.13628667211971346
2021-09-17 12:30:00,756.125,19.09,755.211,0.1331658326523653
2021-09-17 12:45:00,756.3,18.64,755.172,0.13531081540168077
2021-09-17 13:00:00,756.3,18.95,755.211,0.13492045867246433
2021-09-17 13:15:00,756.125,19.103,755.0746666666666,0.13453304787933523
2021-09-17 13:30:00,756.125,18.733,754.8996666666667,0.13628704697309535
2021-09-17 13:45:00,756.125,18.767,754.7443333333333,0.1378447526706807
2021-09-17 14:00:00,755.95,19.17,754.667,0.13686647727891305
2021-09-17 14:15:00,756.125,19.847,754.667,0.13862352487638777
2021-09-17 14:30:00,755.95,19.687,754.6473333333333,0.13706511691550052
2021-09-17 14:45:00,755.658,19.023,754.608,0.1345295287760461
2021-09-17 15:00:00,755.658,18.693,754.511,0.13550146207293878
2021-09-17 15:15:00,755.658,18.807,754.317,0.13744710439552643
2021-09-17 15:30:00,755.658,18.923,754.317,0.13744743095157327
2021-09-17 15:45:00,755.483,18.077,754.317,0.13569047541814605
2021-09-17 16:00:00,755.483,16.89,754.317,0.1356875699224777
2021-09-17 16:15:00,755.775,16.05,754.3753333333333,0.13802729343905362
2021-09-17 16:30:00,755.658,15.737,754.492,0.13568474765078112
2021-09-17 16:45:00,755.775,15.48,754.492,0.13685653870697673
2021-09-17 17:00:00,755.658,15.677,754.4336666666667,0.13626916486081359
2021-09-17 17:15:00,755.775,15.923,754.414,0.1376394178339066
2021-09-17 17:30:00,755.775,15.81,754.5693333333332,0.1360824409842432
2021-09-17 17:45:00,755.658,15.79,754.492,0.1356848773822642
2021-09-17 18:00:00,755.658,15.387,754.5306666666667,0.1352964320002558
2021-09-17 18:15:00,755.658,15.187,754.6663333333333,0.1339365692131235
2021-09-17 18:30:00,755.775,14.983,754.8413333333333,0.1333550053188165
2021-09-17 18:45:00,756.125,14.583,754.8996666666667,0.13627637183977354
2021-09-17 19:00:00,755.95,14.08,754.783,0.1356907094520014
2021-09-17 19:15:00,756.125,13.757,754.8413333333333,0.1368585760585747
2021-09-17 19:30:00,755.95,13.37,754.958,0.13393612535458144
2021-09-17 19:45:00,756.125,12.953,754.997,0.1352973486363942
2021-09-17 20:00:00,756.417,12.503,755.1333333333333,0.13685519680514435
2021-09-17 20:15:00,756.417,12.053,755.3083333333333,0.13510162329200529
2021-09-17 20:30:00,756.592,11.57,755.425,0.13568456029558357
2021-09-17 20:45:00,756.592,11.203,755.4639999999999,0.13529320465200118
2021-09-17 21:00:00,756.942,10.947,755.6586666666667,0.1368476666720413
2021-09-17 21:15:00,757.058,10.647,755.9306666666668,0.13528521435625682
2021-09-17 21:30:00,757.7,10.363,756.1053333333333,0.13996252220476613
2021-09-17 21:45:00,757.758,10.157,756.3583333333333,0.13800997805917425
2021-09-17 22:00:00,757.758,10.157,756.5333333333333,0.136258313738844
2021-09-17 22:15:00,757.7,10.177,756.65,0.13451003000692177
2021-09-17 22:30:00,757.875,10.03,756.5916666666667,0.13684519620096638
2021-09-17 22:45:00,758.05,10.077,756.5333333333333,0.1391808360632051
2021-09-17 23:00:00,757.875,9.977,756.689,0.13587083118172838
2021-09-17 23:15:00,758.05,9.607,756.6696666666667,0.13781486711749938
2021-09-17 23:30:00,758.05,9.27,756.475,0.13976204613231272
2021-09-17 23:45:00,757.875,9.007,756.5333333333333,0.13742618743732835
2021-09-18 00:00:00,758.05,8.813,756.689,0.13761910368232097
2021-09-18 00:15:00,758.05,8.597,756.767,0.1368380001729314
2021-09-18 00:30:00,757.875,8.4,756.6696666666667,0.1360603507380466
2021-09-18 00:45:00,758.05,8.22,756.5333333333333,0.13917492353795288
2021-09-18 01:00:00,757.875,8.03,756.5916666666667,0.1368398080415882
2021-09-18 01:15:00,757.875,7.903,756.3193333333334,0.13956410060384813
2021-09-18 01:30:00,757.7,7.823,756.0663333333333,0.1403441989737998
2021-09-18 01:45:00,757.7,7.713,756.222,0.13878647327721255
2021-09-18 02:00:00,757.875,7.613,756.3,0.13975656747634863
2021-09-18 02:15:00,757.875,7.457,756.3,0.13975605168254632
2021-09-18 02:30:00,757.875,7.363,756.3,0.13975574088371673
2021-09-18 02:45:00,757.7,7.237,756.3583333333333,0.13742120216532333
2021-09-18 03:00:00,757.7,7.223,756.4166666666666,0.13683763391928058
2021-09-18 03:15:00,757.875,7.197,756.3,0.13975519202620917
2021-09-18 03:30:00,757.7,7.133,756.261,0.1383945503633125
2021-09-18 03:45:00,757.583,7.08,756.1246666666667,0.1385877825748679
2021-09-18 04:00:00,757.583,7.013,756.008,0.1397545836540321
2021-09-18 04:15:00,757.233,6.863,756.008,0.13625317932101866
2021-09-18 04:30:00,757.408,6.81,755.9496666666666,0.1385869559822375
2021-09-18 04:45:00,757.408,6.723,755.833,0.1397536248065806
2021-09-18 05:00:00,757.583,6.623,755.8913333333334,0.14092020484875065
2021-09-18 05:15:00,757.583,6.617,756.008,0.1397532743313032
2021-09-18 05:30:00,757.408,6.577,755.9110000000001,0.1389729864688846
2021-09-18 05:45:00,757.583,6.583,755.814,0.14169355138229558
2021-09-18 06:00:00,757.408,6.547,756.008,0.1380027047869921
2021-09-18 06:15:00,757.408,6.52,756.008,0.1380026254340994
2021-09-18 06:30:00,757.233,6.54,756.0663333333333,0.13566890351168448
2021-09-18 06:45:00,757.7,6.65,756.183,0.13917325884495538
2021-09-18 07:00:00,757.7,6.67,756.222,0.13878323711930005
2021-09-18 07:15:00,757.7,6.75,756.3,0.13800330140318653
2021-09-18 07:30:00,757.875,6.893,756.3,0.1397541868895688
2021-09-18 07:45:00,758.05,7.073,756.4166666666666,0.14033829248205135
2021-09-18 08:00:00,758.05,7.29,756.65,0.13800488846103826
2021-09-18 08:15:00,758.05,7.6,756.65,0.13800579954980585
2021-09-18 08:30:00,758.225,7.943,756.65,0.1397576585786227
2021-09-18 08:45:00,758.225,8.61,756.689,0.13936961967812453
2021-09-18 09:00:00,758.05,8.947,756.8253333333333,0.1362552029235124
2021-09-18 09:15:00,758.225,9.533,756.942,0.13684052117654413
2021-09-18 09:30:00,758.225,10.357,756.903,0.13723312780168503
2021-09-18 09:45:00,758.225,11.08,756.825,0.13801602725597098
2021-09-18 10:00:00,758.4,12.537,756.8833333333333,0.1391886684876103
2021-09-18 10:15:00,758.05,13.737,757.0,0.1345178771263056
2021-09-18 10:30:00,758.05,14.65,757.0,0.13451988960383338
2021-09-18 10:45:00,758.05,15.333,756.9416666666667,0.13510591705479957
2021-09-18 11:00:00,758.225,16.18,756.825,0.13803101613569574
2021-09-18 11:15:00,758.225,18.52,756.825,0.138037893386393
2021-09-18 11:30:00,758.225,20.407,756.825,0.13804343927189117
2021-09-18 11:45:00,758.05,21.213,756.7083333333334,0.1374605660984082
2021-09-18 12:00:00,757.933,20.99,756.436,0.13901828114410167
2021-09-18 12:15:00,757.583,20.307,756.358,0.13628775220075393
2021-09-18 12:30:00,757.583,19.713,756.2996666666667,0.13687128297459736
2021-09-18 12:45:00,757.583,19.473,756.1443333333333,0.13842848485268994
2021-09-18 13:00:00,757.408,20.077,756.067,0.1374506796212117
2021-09-18 13:15:00,757.292,20.08,756.0086666666667,0.13687227170184177
2021-09-18 13:30:00,756.942,19.96,755.7946666666667,0.13550785621690134
2021-09-18 13:45:00,756.767,20.08,755.5416666666666,0.13629051188986419
2021-09-18 14:00:00,756.767,20.023,755.3666666666667,0.138045654104727
2021-09-18 14:15:00,756.592,20.107,755.211,0.13785198000602097
2021-09-18 14:30:00,756.3,20.72,755.0746666666666,0.1362921581754834
2021-09-18 14:45:00,756.125,21.053,754.8996666666667,0.13629301475847044
2021-09-18 15:00:00,755.95,20.997,754.7246666666666,0.13629287070848012
2021-09-18 15:15:00,755.833,20.56,754.608,0.13628840282099736
2021-09-18 15:30:00,755.833,20.12,754.6663333333333,0.13570216315002653
2021-09-18 15:45:00,755.775,19.587,754.7246666666666,0.1345341150735764
2021-09-18 16:00:00,755.483,19.467,754.5693333333332,0.13316321300081754
2021-09-18 16:15:00,755.483,19.15,754.4336666666667,0.13452312312258008
2021-09-18 16:30:00,755.483,18.827,754.317,0.1356923112410199
2021-09-18 16:45:00,755.308,18.573,754.2586666666667,0.13452185207957612
2021-09-18 17:00:00,755.308,18.42,754.142,0.13569131500114184
2021-09-18 17:15:00,755.308,18.223,754.0446666666667,0.136666739931509
2021-09-18 17:30:00,755.017,17.56,753.85,0.13569923497563902
2021-09-18 17:45:00,755.017,17.633,753.85,0.13569941381564637
2021-09-18 18:00:00,754.842,17.34,753.7916666666666,0.1345291605581648
2021-09-18 18:15:00,754.958,16.85,753.675,0.13686022863747976
2021-09-18 18:30:00,754.958,15.983,753.675,0.13685789347708208
2021-09-18 18:45:00,754.958,15.737,753.7333333333333,0.13627265948226583
2021-09-18 19:00:00,754.842,15.723,753.7916666666666,0.13452559515922266
2021-09-18 19:15:00,754.842,15.69,753.9473333333333,0.13296556715671448
2021-09-18 19:30:00,755.483,14.413,754.492,0.13392827894525106
2021-09-18 19:45:00,755.775,12.41,754.5306666666667,0.1364610527472644
2021-09-18 20:00:00,755.658,12.1,754.5693333333332,0.13490146089386698
2021-09-18 20:15:00,755.6,11.707,754.492,0.1350941428336994
2021-09-18 20:30:00,755.775,11.577,754.4336666666667,0.1374300884424921
2021-09-18 20:45:00,755.775,11.693,754.414,0.13762733219941894
2021-09-18 21:00:00,756.125,11.853,754.7246666666666,0.1380216367901601
2021-09-18 21:15:00,756.3,12.053,754.8996666666667,0.1380222247293172
2021-09-18 21:30:00,755.95,11.787,754.686,0.13665634634247759
2021-09-18 21:45:00,755.775,11.483,754.4336666666667,0.13742982375371107
2021-09-18 22:00:00,755.6,11.41,754.317,0.1368455766506707
2021-09-18 22:15:00,755.6,11.1,754.317,0.13684474170289299
2021-09-18 22:30:00,755.6,10.707,754.2586666666667,0.13742763866335023
2021-09-18 22:45:00,755.308,10.403,754.1030000000001,0.13606208232469438
2021-09-18 23:00:00,755.483,10.257,754.025,0.13859417224139264
2021-09-18 23:15:00,755.483,10.553,754.064,0.13820467489770585
2021-09-18 23:30:00,755.483,10.927,754.142,0.13742492110544624
2021-09-18 23:45:00,755.483,11.19,754.1030000000001,0.13781611696630972
2021-09-19 00:00:00,755.308,11.57,754.025,0.1368460075914592
2021-09-19 00:15:00,755.308,11.397,754.025,0.13684554163673165
2021-09-19 00:30:00,755.483,10.933,753.9666666666667,0.1391802244457015
2021-09-19 00:45:00,755.308,10.41,753.85,0.1385946405368206
2021-09-19 01:00:00,755.133,9.837,753.7916666666666,0.13742518888420685
2021-09-19 01:15:00,755.308,9.37,753.675,0.14034283254880997
2021-09-19 01:30:00,755.308,9.09,753.636,0.14073215622092383
2021-09-19 01:45:00,755.308,8.993,753.597,0.14112209135745696
2021-09-19 02:00:00,754.958,9.163,753.636,0.13722981415084598
2021-09-19 02:15:00,754.842,9.42,753.4996666666667,0.1374340226429508
2021-09-19 02:30:00,754.842,9.653,753.383,0.1386023319980805
2021-09-19 02:45:00,754.667,9.783,753.383,0.13685120324679725
2021-09-19 03:00:00,754.667,9.897,753.383,0.1368515105314273
2021-09-19 03:15:00,754.667,9.89,753.4413333333333,0.13626763625262686
2021-09-19 03:30:00,754.667,9.83,753.4413333333333,0.13626748187136425
2021-09-19 03:45:00,754.317,9.77,753.1693333333333,0.13548664904770857
2021-09-19 04:00:00,754.317,9.52,753.0336666666667,0.13684382222032496
2021-09-19 04:15:00,754.317,9.48,753.014,0.1370405402111561
2021-09-19 04:30:00,754.667,9.553,753.2663333333334,0.13801821157066563
2021-09-19 04:45:00,754.317,9.6,753.2860000000001,0.13431859967546594
2021-09-19 05:00:00,754.317,9.627,753.092,0.1362602872829053
2021-09-19 05:15:00,754.492,9.613,752.9363333333333,0.13956968509515838
2021-09-19 05:30:00,754.317,9.703,752.664,0.1405441452622934
2021-09-19 05:45:00,754.317,9.703,752.8003333333334,0.13917964527998253
2021-09-19 06:00:00,754.2,9.58,752.8586666666666,0.1374244652138177
2021-09-19 06:15:00,754.317,9.52,752.8003333333334,0.13917906262402066
2021-09-19 06:30:00,754.492,9.513,752.9753333333333,0.13917904033663564
2021-09-19 06:45:00,754.492,9.513,753.1306666666667,0.1376244397219372
2021-09-19 07:00:00,754.492,9.393,753.2663333333334,0.13626635746116833
2021-09-19 07:15:00,754.667,9.363,753.3246666666666,0.13743386202052021
2021-09-19 07:30:00,754.492,9.393,753.1693333333333,0.13723712439649735
2021-09-19 07:45:00,754.667,9.29,753.1306666666667,0.13937514823387628
2021-09-19 08:00:00,754.492,9.357,753.111,0.1378208145772851
2021-09-19 08:15:00,754.2,9.533,752.917,0.1368405211765456
2021-09-19 08:30:00,754.317,9.89,752.917,0.13801252985070186
2021-09-19 08:45:00,754.025,10.37,752.8196666666666,0.13606533549922759
2021-09-19 09:00:00,753.85,10.607,752.625,0.1362628074719963
2021-09-19 09:15:00,754.025,10.88,752.625,0.1380154394567661
2021-09-19 09:30:00,753.85,11.39,752.625,0.13626482105164756
2021-09-19 09:45:00,754.025,11.847,752.7806666666667,0.1364595820743535
2021-09-19 10:00:00,754.317,13.06,753.092,0.1362691156595883
2021-09-19 10:15:00,754.317,13.677,753.0336666666667,0.1368550215095925
2021-09-19 10:30:00,754.2,14.247,752.917,0.13685321776952683
2021-09-19 10:45:00,754.025,14.717,752.8586666666666,0.13568559062605026
2021-09-19 11:00:00,754.025,15.267,752.703,0.13724675428880984
2021-09-19 11:15:00,754.025,16.017,752.625,0.13803053707934376
2021-09-19 11:30:00,753.85,16.66,752.5666666666667,0.13686305794930656
2021-09-19 11:45:00,753.675,17.183,752.45,0.13627971845511958
2021-09-19 12:00:00,753.558,17.293,752.45,0.13510713590000387
2021-09-19 12:15:00,753.383,17.017,752.2943333333334,0.13491269830051197
2021-09-19 12:30:00,753.033,16.73,751.983,0.13452447443763302
2021-09-19 12:45:00,753.208,16.723,751.983,0.1362785355092212
2021-09-19 13:00:00,753.208,16.69,751.886,0.13725070347235074
2021-09-19 13:15:00,753.208,16.717,751.6336666666667,0.13977998648583215
2021-09-19 13:30:00,752.742,16.647,751.4586666666667,0.13686302292626912
2021-09-19 13:45:00,752.567,16.587,751.303,0.13666908311153447
2021-09-19 14:00:00,752.392,17.247,751.1083333333333,0.1368679808388554
2021-09-19 14:15:00,752.217,17.687,750.836,0.13784496416066833
2021-09-19 14:30:00,751.925,18.077,750.6026666666667,0.13725789479239253
2021-09-19 14:45:00,751.75,17.837,750.292,0.13861737275998107
2021-09-19 15:00:00,751.75,17.95,750.292,0.1386177186252318
2021-09-19 15:15:00,751.458,17.983,750.292,0.13569024532834734
2021-09-19 15:30:00,751.4,17.527,750.2336666666666,0.13569247080874444
2021-09-19 15:45:00,751.575,16.983,750.1753333333334,0.13803003486946896
2021-09-19 16:00:00,751.4,16.6,750.1946666666666,0.13608109949017055
2021-09-19 16:15:00,751.108,16.553,749.8833333333333,0.13627475735442385
2021-09-19 16:30:00,751.108,16.513,749.65,0.13861332032111567
2021-09-19 16:45:00,750.758,16.48,749.5916666666667,0.13568990726736282
2021-09-19 17:00:00,750.758,16.333,749.475,0.13685883616005545
2021-09-19 17:15:00,750.758,15.897,749.436,0.1372485026975448
2021-09-19 17:30:00,750.467,15.903,749.358,0.1351139243253453
2021-09-19 17:45:00,750.642,15.5,749.358,0.13686661330144806
2021-09-19 18:00:00,750.467,15.253,749.2996666666667,0.13569692321088292
2021-09-19 18:15:00,750.292,14.91,749.086,0.13608350288182744
2021-09-19 18:30:00,750.292,14.823,748.8336666666667,0.13861148741467771
2021-09-19 18:45:00,750.0,14.69,748.7753333333334,0.13626996772718264
2021-09-19 19:00:00,750.117,14.207,748.892,0.13627206530947186
2021-09-19 19:15:00,750.117,13.79,748.989,0.1352993306449303
2021-09-19 19:30:00,750.117,13.457,749.183,0.13335535312503782
2021-09-19 19:45:00,750.642,13.173,749.2413333333333,0.13802885580254504
2021-09-19 20:00:00,750.467,13.22,749.358,0.13510767802041387
2021-09-19 20:15:00,750.758,13.08,749.3969999999999,0.13763129503039784
2021-09-19 20:30:00,750.758,12.927,749.475,0.13684966250802022
2021-09-19 20:45:00,750.758,12.53,749.475,0.13684859323618875
2021-09-19 21:00:00,750.758,12.107,749.5333333333333,0.1362633270362769
2021-09-19 21:15:00,751.108,12.047,749.65,0.13859965099182595
2021-09-19 21:30:00,750.933,12.133,749.7083333333334,0.13626339388024117
2021-09-19 21:45:00,751.108,12.31,749.7666666666667,0.1374321524518178
2021-09-19 22:00:00,750.933,12.47,749.65,0.13684843163339455
2021-09-19 22:15:00,750.758,12.51,749.5916666666667,0.13568018686689956
2021-09-19 22:30:00,750.758,12.51,749.436,0.13723910291915545
2021-09-19 22:45:00,750.758,12.61,749.3969999999999,0.13762995218212143
2021-09-19 23:00:00,750.642,12.577,749.475,0.13568702730773857
2021-09-19 23:15:00,750.642,12.543,749.475,0.13568694401239267
2021-09-19 23:30:00,750.758,12.383,749.436,0.1372387504621565
2021-09-19 23:45:00,750.642,12.323,749.3969999999999,0.13646750152349943
2021-09-20 00:00:00,750.758,12.25,749.436,0.13723838135364577
2021-09-20 00:15:00,750.642,12.29,749.2413333333333,0.13802625943327756
2021-09-20 00:30:00,750.467,12.12,749.0663333333333,0.1380257595660332
2021-09-20 00:45:00,750.467,12.067,749.183,0.13685735972131519
2021-09-20 01:00:00,750.467,11.947,749.183,0.13685703626380988
2021-09-20 01:15:00,750.642,11.707,749.183,0.1386086230996092
2021-09-20 01:30:00,750.467,11.55,749.1246666666667,0.13744002484956744
2021-09-20 01:45:00,750.467,11.397,749.0663333333333,0.13802363366005316
2021-09-20 02:00:00,750.467,11.087,749.2413333333333,0.1362707161588172
2021-09-20 02:15:00,750.467,10.927,749.358,0.13510233967631854
2021-09-20 02:30:00,750.467,10.767,749.358,0.13510196717956527
2021-09-20 02:45:00,750.642,10.543,749.2996666666667,0.1374371871866271
2021-09-20 03:00:00,750.467,10.297,749.183,0.1368525887231117
2021-09-20 03:15:00,750.292,10.03,749.1246666666667,0.13568412392098347
2021-09-20 03:30:00,750.292,9.87,748.9693333333333,0.13723844885925285
2021-09-20 03:45:00,750.292,9.44,748.892,0.13801120730249086
2021-09-20 04:00:00,750.117,9.137,748.8336666666667,0.13684279038780403
2021-09-20 04:15:00,750.0,9.027,748.6196666666666,0.13781318644562665
2021-09-20 04:30:00,749.825,9.303,748.3666666666667,0.13859458818753853
2021-09-20 04:45:00,749.65,9.69,748.3083333333333,0.13742811113268455
2021-09-20 05:00:00,749.475,9.917,748.425,0.134509456902697
2021-09-20 05:15:00,749.65,9.977,748.4639999999999,0.13587083118172838
2021-09-20 05:30:00,750.0,10.083,748.542,0.13859363967012162
2021-09-20 05:45:00,750.0,10.043,748.6003333333333,0.13800964309339872
2021-09-20 06:00:00,750.117,9.897,748.7753333333334,0.13742869415602088
2021-09-20 06:15:00,750.292,9.763,748.8336666666667,0.13859599645646542
2021-09-20 06:30:00,750.117,9.673,748.717,0.13801189208856454
2021-09-20 06:45:00,750.117,9.633,748.717,0.13801177452872357
2021-09-20 07:00:00,750.0,9.71,748.717,0.1368409979047914
2021-09-20 07:15:00,750.117,9.877,748.814,0.1370416261512936
2021-09-20 07:30:00,750.292,10.017,749.008,0.1368518339889326
2021-09-20 07:45:00,750.642,10.103,749.1636666666667,0.13879722529170355
2021-09-20 08:00:00,750.933,10.097,749.5916666666667,0.13742592100211026
2021-09-20 08:15:00,751.108,10.21,749.7666666666667,0.1374262391918166
2021-09-20 08:30:00,750.933,10.35,749.7666666666667,0.13567489818554068
2021-09-20 08:45:00,751.575,10.673,750.0973333333334,0.13879232052333076
2021-09-20 09:00:00,751.575,10.76,750.3306666666667,0.13645674260463184
2021-09-20 09:15:00,751.75,10.833,750.4663333333333,0.13685069652346277
2021-09-20 09:30:00,751.925,10.96,750.6413333333334,0.13685103876045293
2021-09-20 09:45:00,752.1,11.25,750.797,0.13704538180824266
2021-09-20 10:00:00,752.217,12.207,750.9916666666667,0.13627026000440665
2021-09-20 10:15:00,752.392,12.853,751.225,0.13568770346995823
2021-09-20 10:30:00,752.392,13.287,751.225,0.13568876671055
2021-09-20 10:45:00,752.392,13.503,751.225,0.13568929588098275
2021-09-20 11:00:00,752.567,14.12,751.225,0.13744392767201036
2021-09-20 11:15:00,752.567,15.957,751.225,0.13744910293751414
2021-09-20 11:30:00,752.742,17.547,751.225,0.1392079615632327
2021-09-20 11:45:00,752.567,18.003,751.225,0.13745486700568005
2021-09-20 12:00:00,752.567,17.87,751.1666666666666,0.13803932493970247
2021-09-20 12:15:00,752.392,16.963,751.05,0.13745193707855907
2021-09-20 12:30:00,752.217,16.253,751.05,0.1356960330045496
2021-09-20 12:45:00,752.217,16.12,751.05,0.13569570717275536
2021-09-20 13:00:00,752.217,16.917,750.9526666666667,0.13667329999825734
2021-09-20 13:15:00,752.392,16.757,750.8163333333333,0.1397934831722322
2021-09-20 13:30:00,752.217,16.667,750.933,0.13686975892568584
2021-09-20 13:45:00,752.1,16.66,750.933,0.1356970300988358
2021-09-20 14:00:00,752.1,17.38,750.9136666666667,0.13589260435503867
2021-09-20 14:15:00,752.217,17.513,750.9333333333333,0.1368686976501906
2021-09-20 14:30:00,752.217,17.937,751.05,0.13570015857403472
2021-09-20 14:45:00,752.217,17.783,750.9916666666667,0.1362846032678771
2021-09-20 15:00:00,751.925,17.44,750.875,0.13452603945301456
2021-09-20 15:15:00,752.1,17.13,750.9333333333333,0.1356948401516004
2021-09-20 15:30:00,752.217,16.697,751.05,0.13569712074377252
2021-09-20 15:45:00,752.392,16.36,751.1083333333333,0.1368655905694832
2021-09-20 16:00:00,752.392,16.16,751.225,0.13569580516727847
2021-09-20 16:15:00,752.567,15.923,751.225,0.13744900715143515
2021-09-20 16:30:00,752.392,15.723,751.3223333333334,0.13471933826275484
2021-09-20 16:45:00,752.567,15.513,751.4780000000001,0.13491260128128787
2021-09-20 17:00:00,752.742,15.34,751.439,0.13705656945348788
2021-09-20 17:15:00,752.567,14.91,751.4196666666667,0.1354956929019497
2021-09-20 17:30:00,752.392,14.413,751.225,0.13569152525641712
2021-09-20 17:45:00,752.567,14.053,751.225,0.13744373891709
2021-09-20 18:00:00,752.742,13.843,751.225,0.1391961657599373
2021-09-20 18:15:00,752.392,13.523,751.264,0.13529869839131126
2021-09-20 18:30:00,752.392,13.033,751.342,0.13451632533640617
2021-09-20 18:45:00,752.742,12.703,751.4586666666667,0.13685239747597533
2021-09-20 19:00:00,752.742,12.457,751.692,0.13451505569012212
2021-09-20 19:15:00,752.858,12.173,751.7306666666667,0.13528882577497836
2021-09-20 19:30:00,753.208,11.833,751.8663333333333,0.1374341469733131
2021-09-20 19:45:00,753.383,11.603,752.0803333333333,0.1370430098769739
2021-09-20 20:00:00,753.675,11.323,752.3333333333334,0.13743271053900466
2021-09-20 20:15:00,753.85,10.933,752.5473333333333,0.13704117765087137
2021-09-20 20:30:00,754.025,10.443,752.8003333333334,0.13625904902246602
2021-09-20 20:45:00,754.317,10.063,752.9753333333333,0.1374291617013066
2021-09-20 21:00:00,754.667,9.757,753.092,0.13976365633476112
2021-09-20 21:15:00,754.492,9.447,753.1306666666667,0.13762425110556947
2021-09-20 21:30:00,754.667,9.263,753.2663333333334,0.13801735885595717
2021-09-20 21:45:00,754.958,9.31,753.4413333333333,0.1391783940024251
2021-09-20 22:00:00,754.842,8.987,753.597,0.13645878252994914
2021-09-20 22:15:00,755.133,8.59,753.675,0.1385890699637573
2021-09-20 22:30:00,755.133,8.367,753.7916666666666,0.137421049602206
2021-09-20 22:45:00,755.483,7.883,754.025,0.138586906010373
2021-09-20 23:00:00,755.775,7.29,754.025,0.1415061105762982
2021-09-20 23:15:00,755.775,6.803,754.025,0.1415043214624683
2021-09-20 23:30:00,755.775,6.4,754.064,0.1411127776307719
2021-09-20 23:45:00,755.95,6.023,754.239,0.14111142349465297
2021-09-21 00:00:00,756.125,5.653,754.3943333333333,0.14130676225453473
2021-09-21 00:15:00,756.242,5.307,754.414,0.14227877319253848
2021-09-21 00:30:00,756.417,5.0,754.5496666666667,0.14267087666979086
2021-09-21 00:45:00,756.417,4.73,754.433,0.14383626530595256
2021-09-21 01:00:00,756.242,4.587,754.433,0.14208605166986144
2021-09-21 01:15:00,756.242,4.413,754.3943333333333,0.14247195903566873
2021-09-21 01:30:00,756.242,4.277,754.317,0.1432445457407733
2021-09-21 01:45:00,756.242,4.183,754.3556666666667,0.14285761639647893
2021-09-21 02:00:00,756.417,4.15,754.4913333333333,0.14325069711859964
2021-09-21 02:15:00,756.417,4.077,754.608,0.14208411489247416
2021-09-21 02:30:00,756.592,3.887,754.608,0.14383275423015338
2021-09-21 02:45:00,756.592,3.523,754.6663333333333,0.1432481624591518
2021-09-21 03:00:00,756.767,3.327,754.822,0.14344061012321396
2021-09-21 03:15:00,756.767,3.267,754.9,0.14266075152215757
2021-09-21 03:30:00,756.767,3.2,754.9,0.14266048892496205
2021-09-21 03:45:00,756.883,3.127,755.0166666666667,0.14265353964330363
2021-09-21 04:00:00,757.233,3.077,755.1916666666667,0.14440240705407195
2021-09-21 04:15:00,757.233,3.133,755.075,0.14556870295410784
2021-09-21 04:30:00,756.883,3.207,755.1333333333333,0.14148777903520937
2021-09-21 04:45:00,757.233,3.4,755.25,0.14382073056069716
2021-09-21 05:00:00,756.883,3.637,755.3473333333334,0.13935025230608067
2021-09-21 05:15:00,757.408,3.65,755.639,0.14168265930138266
2021-09-21 05:30:00,757.7,3.55,755.833,0.14266186070135797
2021-09-21 05:45:00,757.875,3.26,755.9496666666666,0.1432437675994239
2021-09-21 06:00:00,758.05,3.017,756.2803333333334,0.14168697158705046
2021-09-21 06:15:00,758.342,2.807,756.475,0.1426589486160392
2021-09-21 06:30:00,758.517,2.66,756.5333333333333,0.14382431254574074
2021-09-21 06:45:00,758.692,2.54,756.689,0.14401702088895363
2021-09-21 07:00:00,758.692,2.477,756.8253333333333,0.14265432409756384
2021-09-21 07:15:00,758.867,2.513,757.0003333333333,0.14265446516937302
2021-09-21 07:30:00,758.983,2.713,757.1556666666667,0.14226215615693247
2021-09-21 07:45:00,759.333,3.057,757.3886666666666,0.1434328446144842
2021-09-21 08:00:00,759.625,3.84,757.7583333333333,0.1426596652330071
2021-09-21 08:15:00,759.625,4.493,757.9333333333333,0.14091264060773417
2021-09-21 08:30:00,759.8,5.14,758.0889999999999,0.14110825187079384
2021-09-21 08:45:00,759.975,5.873,758.167,0.14208093486988604
2021-09-21 09:00:00,759.975,6.203,758.2836666666667,0.14091537957165692
2021-09-21 09:15:00,760.15,6.44,758.5556666666668,0.13994605544615546
2021-09-21 09:30:00,760.325,6.717,758.7496666666667,0.1397569390646459
2021-09-21 09:45:00,760.325,7.06,758.9246666666667,0.13800754682826205
2021-09-21 10:00:00,760.325,8.01,758.8663333333333,0.13859396472834892
2021-09-21 10:15:00,760.617,8.617,758.983,0.14035025744522825
2021-09-21 10:30:00,760.792,9.027,759.0803333333333,0.14112888490661438
2021-09-21 10:45:00,760.792,9.263,759.2166666666667,0.13976535886560035
2021-09-21 11:00:00,760.617,9.777,759.1583333333333,0.1385993755543826
2021-09-21 11:15:00,760.792,11.707,759.2166666666667,0.1397734413453854
2021-09-21 11:30:00,760.675,13.383,759.1193333333333,0.139581997102316
2021-09-21 11:45:00,760.617,14.327,759.0996666666666,0.13920104653367604
2021-09-21 12:00:00,760.5,14.233,759.0219999999999,0.13880670314258928
2021-09-21 12:15:00,760.617,13.663,759.061,0.1395862504787753
2021-09-21 12:30:00,760.5,13.153,758.983,0.13919396837757542
2021-09-21 12:45:00,760.5,12.96,758.9443333333332,0.13958061567551971
2021-09-21 13:00:00,760.325,13.57,758.867,0.13860431252082614
2021-09-21 13:15:00,760.325,13.893,758.867,0.13860530114450742
2021-09-21 13:30:00,760.15,14.053,758.8086666666667,0.13743706045761733
2021-09-21 13:45:00,760.15,14.4,758.5946666666666,0.13958197893248925
2021-09-21 14:00:00,759.975,15.007,758.4973333333334,0.13880576476611114
2021-09-21 14:15:00,759.975,14.983,758.6336666666667,0.13743967918704794
2021-09-21 14:30:00,759.683,15.233,758.4586666666667,0.1362680236822458
2021-09-21 14:45:00,759.858,15.247,758.342,0.13919061675960365
2021-09-21 15:00:00,759.858,15.16,758.342,0.13919033988098675
2021-09-21 15:15:00,759.858,15.413,758.303,0.13958194628180923
2021-09-21 15:30:00,759.683,15.267,758.225,0.1386095066210944
2021-09-21 15:45:00,759.683,15.027,758.264,0.13821800241756083
2021-09-21 16:00:00,759.508,14.983,758.303,0.13607366805695262
2021-09-21 16:15:00,759.683,14.73,758.2833333333333,0.13802341488798728
2021-09-21 16:30:00,759.683,14.477,758.3416666666667,0.13743825437297147
2021-09-21 16:45:00,759.683,14.293,758.2833333333333,0.13802213085252013
2021-09-21 17:00:00,759.858,14.0,758.2833333333333,0.13977434607225891
2021-09-21 17:15:00,759.683,13.77,758.1083333333333,0.1397735857679841
2021-09-21 17:30:00,759.683,13.543,758.264,0.1382135817560806
2021-09-21 17:45:00,759.975,13.363,758.342,0.14035652106764446
2021-09-21 18:00:00,759.683,13.247,758.4003333333334,0.13684718572386972
2021-09-21 18:15:00,759.975,12.47,758.517,0.13860094569095036
2021-09-21 18:30:00,759.975,11.557,758.517,0.13859815122215466
2021-09-21 18:45:00,759.975,10.627,758.517,0.13859530472053366
2021-09-21 19:00:00,759.975,9.843,758.5556666666668,0.1382058961749452
2021-09-21 19:15:00,760.15,9.243,758.633,0.13918151654418162
2021-09-21 19:30:00,760.325,8.76,758.633,0.14093112947467823
2021-09-21 19:45:00,760.325,8.36,758.7886666666667,0.13937214879949933
2021-09-21 20:00:00,760.442,7.963,759.1,0.13742658193999796
2021-09-21 20:15:00,760.617,7.587,759.1583333333333,0.13859266943722529
2021-09-21 20:30:00,760.792,7.27,759.314,0.13878509876335327
2021-09-21 20:45:00,761.083,7.027,759.5086666666667,0.13974796131678785
2021-09-21 21:00:00,761.142,6.757,759.6836666666667,0.1385867937251653
2021-09-21 21:15:00,761.433,6.533,759.6253333333333,0.14208010593462075
2021-09-21 21:30:00,761.258,6.313,759.742,0.13916218418991116
2021-09-21 21:45:00,761.608,6.15,759.6836666666667,0.1432454473586089
2021-09-21 22:00:00,761.608,5.943,759.6253333333333,0.14382798320462456
2021-09-21 22:15:00,761.433,5.793,759.7806666666667,0.14052391021481955
2021-09-21 22:30:00,761.258,5.687,759.8193333333332,0.13838684881256655
2021-09-21 22:45:00,761.608,5.477,759.6836666666667,0.143242728627041
2021-09-21 23:00:00,761.433,5.33,759.6253333333333,0.1420755407857981
2021-09-21 23:15:00,761.258,5.2,759.742,0.13915864205312256
2021-09-21 23:30:00,761.433,5.033,759.6253333333333,0.14207441372910623
2021-09-21 23:45:00,761.258,4.777,759.4113333333333,0.14246337269350454
2021-09-22 00:00:00,761.433,4.56,759.4306666666668,0.14401884953961022
2021-09-22 00:15:00,761.258,4.38,759.3530000000001,0.1430450143191903
2021-09-22 00:30:00,760.967,4.27,759.275,0.14091518105473713
2021-09-22 00:45:00,761.083,4.163,759.275,0.14207444455900675
2021-09-22 01:00:00,760.967,4.02,759.2166666666667,0.14149742963908282
2021-09-22 01:15:00,760.792,3.907,759.1,0.14091389168359267
2021-09-22 01:30:00,760.792,3.787,759.1583333333333,0.1403303573969492
2021-09-22 01:45:00,760.967,3.703,759.1583333333333,0.1420793626018464
2021-09-22 02:00:00,760.967,3.61,758.9833333333333,0.1438282686093299
2021-09-22 02:15:00,760.792,3.537,759.1,0.14091257744854185
2021-09-22 02:30:00,760.792,3.483,759.0026666666666,0.14188528095396116
2021-09-22 02:45:00,760.617,3.433,758.847,0.14169184883819255
2021-09-22 03:00:00,760.617,3.32,758.886,0.14130161781403464
2021-09-22 03:15:00,760.792,3.153,758.7496666666667,0.1444127275466403
2021-09-22 03:30:00,760.617,3.017,758.6913333333333,0.1432461169445097
2021-09-22 03:45:00,760.442,2.943,758.7496666666667,0.14091379902387785
2021-09-22 04:00:00,760.442,2.897,758.5943333333333,0.14246607881278184
2021-09-22 04:15:00,760.442,2.83,758.517,0.14323869824080812
2021-09-22 04:30:00,760.617,2.78,758.5556666666668,0.14460101478908935
2021-09-22 04:45:00,760.617,2.753,758.633,0.14382803114598075
2021-09-22 05:00:00,760.442,2.68,758.633,0.14207880964147257
2021-09-22 05:15:00,760.442,2.7,758.5943333333333,0.14246531469410856
2021-09-22 05:30:00,760.442,2.673,758.4586666666667,0.14382103541489114
2021-09-22 05:45:00,760.267,2.64,758.3806666666667,0.14285150619785292
2021-09-22 06:00:00,760.442,2.653,758.458,0.14382761464825988
2021-09-22 06:15:00,760.617,2.693,758.458,0.14557670348438823
2021-09-22 06:30:00,760.442,2.567,758.458,0.1438272564602187
2021-09-22 06:45:00,760.442,2.52,758.458,0.1438270607062892
2021-09-22 07:00:00,760.442,2.593,758.4776666666667,0.14363082333157723
2021-09-22 07:15:00,760.617,2.753,758.4973333333334,0.14518387937790636
2021-09-22 07:30:00,760.617,2.897,758.5163333333334,0.14499462902365956
2021-09-22 07:45:00,760.442,3.173,758.633,0.14208068185961362
2021-09-22 08:00:00,760.617,3.463,758.7303333333333,0.14285809705371771
2021-09-22 08:15:00,760.792,3.793,758.925,0.14266281310611031
2021-09-22 08:30:00,760.617,4.453,758.886,0.14130573497589183
2021-09-22 08:45:00,760.617,5.37,758.808,0.14208902519279135
2021-09-22 09:00:00,760.792,5.8,758.9053333333334,0.1428673530858115
2021-09-22 09:15:00,760.792,6.117,759.1583333333333,0.14033834819825208
2021-09-22 09:30:00,760.792,6.533,759.275,0.13917288624533575
2021-09-22 09:45:00,760.617,7.087,759.275,0.13742411403984484
2021-09-22 10:00:00,760.617,8.703,759.236,0.1378189185595741
2021-09-22 10:15:00,760.617,9.513,759.0996666666666,0.1391857124422773
2021-09-22 10:30:00,760.5,10.123,758.9246666666667,0.13976820294604844
2021-09-22 10:45:00,760.325,10.753,758.7693333333333,0.1395734080893667
2021-09-22 11:00:00,760.325,12.147,758.6336666666667,0.14093648426139083
2021-09-22 11:15:00,760.15,14.523,758.517,0.14036049769720668
2021-09-22 11:30:00,759.683,16.547,758.4586666666667,0.13627140095395313
2021-09-22 11:45:00,759.683,17.373,758.303,0.13783402918141166
2021-09-22 12:00:00,759.508,17.273,758.1083333333333,0.13803088697538538
2021-09-22 12:15:00,759.217,16.81,757.8943333333333,0.13725771882053905
2021-09-22 12:30:00,758.867,16.063,757.8163333333333,0.1345296854773805
2021-09-22 12:45:00,758.867,15.863,757.6413333333334,0.13628300490731712
2021-09-22 13:00:00,758.692,16.413,757.6026666666667,0.1349179996696055
2021-09-22 13:15:00,758.575,16.507,757.2336666666666,0.137443970524306
2021-09-22 13:30:00,758.4,16.703,757.0196666666667,0.13783542926856715
2021-09-22 13:45:00,758.05,16.99,756.825,0.13627922213216592
2021-09-22 14:00:00,758.05,17.7,756.7083333333334,0.13745067160091734
2021-09-22 14:15:00,757.875,17.513,756.4943333333333,0.13784111806468002
2021-09-22 14:30:00,757.583,17.713,756.4163333333333,0.1356962680138356
2021-09-22 14:45:00,757.408,18.01,756.1246666666667,0.13686669495688536
2021-09-22 15:00:00,757.233,17.76,755.9693333333333,0.13666885383572255
2021-09-22 15:15:00,757.117,17.85,755.7753333333334,0.13745109408159437
2021-09-22 15:30:00,756.942,17.56,755.542,0.1380350719502095
2021-09-22 15:45:00,756.767,17.003,755.503,0.13667018696485125
2021-09-22 16:00:00,756.942,16.81,755.425,0.13920561450410265
2021-09-22 16:15:00,756.767,16.627,755.3666666666667,0.13803567089783972
2021-09-22 16:30:00,756.592,16.353,755.211,0.13784109674839543
2021-09-22 16:45:00,756.592,16.05,755.133,0.13862192507328938
2021-09-22 17:00:00,756.592,15.697,755.133,0.13862084388592832
2021-09-22 17:15:00,756.3,15.327,755.1136666666667,0.1358874914627279
2021-09-22 17:30:00,756.3,15.007,754.9776666666667,0.13724937262060843
2021-09-22 17:45:00,756.125,14.883,754.783,0.1374460772243127
2021-09-22 18:00:00,755.95,14.837,754.7246666666666,0.13627702520938073
2021-09-22 18:15:00,755.95,13.933,754.5693333333332,0.13783074175727927
2021-09-22 18:30:00,755.95,13.147,754.5306666666667,0.13821574071440346
2021-09-22 18:45:00,755.95,12.25,754.608,0.1374386594376667
2021-09-22 19:00:00,755.95,11.68,754.5693333333332,0.13782421163979963
2021-09-22 19:15:00,755.95,10.967,754.492,0.13859634537704027
2021-09-22 19:30:00,756.125,10.33,754.5306666666667,0.13995907510757638
2021-09-22 19:45:00,755.775,9.89,754.5693333333332,0.1360674572547591
2021-09-22 20:00:00,755.775,9.533,754.492,0.13684052117654413
2021-09-22 20:15:00,756.125,9.177,754.4336666666667,0.1409259390176966
2021-09-22 20:30:00,755.775,8.86,754.414,0.13761923796714862
2021-09-22 20:45:00,756.125,8.517,754.5693333333332,0.1395661057954648
2021-09-22 21:00:00,756.125,8.273,754.5306666666667,0.1399521904177204
2021-09-22 21:15:00,756.3,8.097,754.5693333333332,0.14131564169487412
2021-09-22 21:30:00,756.242,7.837,754.5306666666667,0.1411212740322929
2021-09-22 21:45:00,756.125,7.527,754.608,0.1391760517497838
2021-09-22 22:00:00,756.125,7.383,754.6663333333333,0.13859204475781883
2021-09-22 22:15:00,756.125,7.457,754.7246666666666,0.1380087138874874
2021-09-22 22:30:00,756.242,7.507,754.608,0.14034644989190725
2021-09-22 22:45:00,756.125,7.437,754.511,0.14014613376888213
2021-09-22 23:00:00,755.95,7.377,754.317,0.14033600028784401
2021-09-22 23:15:00,755.775,7.263,754.317,0.13858500834262563
2021-09-22 23:30:00,755.775,7.12,754.2586666666667,0.13916808685606347
2021-09-22 23:45:00,755.483,6.987,754.142,0.1374138294604069
